8.51
7.38
6.92
8.14
9.52
7.27
6.24
8.88
11.01
10.98
9.41
7.5
9.63
6.75
7.63
7.6
9.08
9.54
8.41
7.79
8.14
8.11
7.17
5.52
6.95
7.06
8.19
14.82
18.33
17.4
18.71
13.07
10.57
10.01
9.81
8.58
7.85
7.33
7.31
7.25
9.5
11.77
7.62
5.52
6.36
11.73
11.58
13.28
13.23
15.95
14.41
15.47
16.12
14.01
15.13
15.91
14.73
16.04
14.37
12.88
14.76
16.18
15.1
9.06
4.7
8.87
9.95
10.39
12.17
12.84
5.12
10.7
8
6.62
8.44
11.79
8.63
10.8
7.17
15.63
11.23
0.79
8.87
12.25
14.6
16.88
20.31
21.16
19.67
19.66
15.89
14.7
15.79
16.7
19.91
20.73
16.67
19.47
19.6
20.88
16.28
14.37
11.01
15.47
19
20.41
21.67
20.01
21.51
22.63
17.56
19.01
17.62
19.97
20.14
21.38
22.1
24.06
24.68
22.25
14.84
16.46
20.17
21.6
21.15
21.94
20.53
20.63
15.69
17.64
16.43
17.61
19.24
19.4
19.81
21.94
23.82
21.4
21.07
20.49
23.46
24.89
25.74
27.19
30.62
32.64
31.96
30.58
29.8
29.35
31.5
36.37
35.63
37.52
38.56
39.3
39.45
39.53
39.17
38.28
37.86
35.52
30.22
33.05
36.57
39.2
38.72
38.45
38.03
38.01
38.89
37.16
36.43
31.59
33.15
36.9
38.83
38.72
38.47
39.08
38.52
37.75
38.65
41.24
42.61
39.56
38.14
38.61
38.19
36.39
38.09
41.32
42.67
42.66
39.87
38.66
38.82
41.65
41.73
40.94
40.85
37.63
33.33
33.56
35.42
40.76
41.3
42.2
38.62
40.41
30.78
31.48
39.33
40.68
41.5
42.68
42.42
41.94
41.36
36.18
33.57
31.07
31.51
35.15
34.51
34.06
32.95
34.47
34.07
33.09
34.15
34.34
35.7
31.57
32.38
36.4
37.29
39.32
39.37
36.32
36.77
39.36
31.58
36.13
35.36
37.13
38.05
43.36
43.18
42.86
42.46
38.35
36.04
38.26
40.24
41.25
41.5
37.29
37.26
37.19
37.86
37.46
36.36
36.27
38.49
39.44
39.71
39.77
39.71
39.54
39.58
39.59
40.19
93.25
89.82
87.32
84.95
84.39
86.12
77.44
67.48
66.78
52.66
47.22
48.6
51.28
52.38
52.9
52.3
45.46
47.19
50.15
49.8
56.12
36.21
42.14
46.41
41.43
36.35
36.88
37.97
43.52
49.41
51.25
40.86
42.37
44.18
42.63
41
37.04
30.54
30.11
31.47
31.16
29.86
29.46
30.68
31.61
35.36
39.14
40.21
39.38
37.46
36.48
36.39
37.53
27.4
24.99
26.98
27.84
32.87
35.63
32.68
31.4
24.7
24.1
19.6
20.06
20.53
19.81
23.7
17.35
20.44
19.78
18.63
18.26
15.68
13.02
9.62
7.83
8.05
5.21
3.79
4.95
7.07
12.09
14.7
14.69
14.55
13.88
14.42
17.41
17.46
17.4
15.65
9.45
8.7
9.25
9.85
10.19
10.92
10.72
7.59
9.2
11.42
11.39
10.69
9.6
8.77
10.48
12.89
13.74
13.16
13.42
13.03
11.79
9.6
9.57
9.24
8.91
9.9
11.65
12.6
10.07
10.32
10.45
4.46
4.32
5.71
6.55
7.69
9.43
11.26
10.93
11.4
10.8
9.85
13.53
13.08
12.86
12.93
13.8
15.43
14.57
9.5
10.12
12.88
12.94
4.96
2.69
-4.62
-2.78
0.97
8.57
7.41
10.3
11.42
12.28
13.68
14.05
13.49
13.55
15.08
15.48
14.51
18.12
17.83
16.26
14.01
13.05
10.27
11.42
14.24
19.56
22.6
23.22
24.68
23.7
20.75
21.37
20.34
15.85
16.63
17.34
19.39
19.2
20.82
20.04
17.07
19.29
20.56
21.22
20.36
22.97
23.93
24.94
26.07
27.08
26.57
26.1
26.31
26.56
25.63
22.93
24.39
23.2
19.91
21.48
16.68
22.77
24.77
20.79
25.26
19.65
26.3
18.39
24.85
26.11
19.13
17.76
22.72
23.76
21.82
24.99
24.55
14.99
14
17.36
18.93
21.21
24.97
27.16
29.25
32.31
33.25
33.22
33.11
30.98
32.64
29.32
29.22
31.87
34.35
36.89
38.16
37.78
38.84
35.25
34.39
34.68
36.15
36.62
36.61
37.45
37.79
38.94
39.99
38.45
36.75
37.15
37.74
37.13
37.69
38.95
40.76
41.74
41.17
39.85
39.28
39.79
41.59
43.41
42.13
41.46
42.06
42.25
39.04
39.56
37.23
36.5
37.95
37.21
37.92
40.35
41.37
40.78
39.13
36.01
40.52
41.14
39.66
39.49
38.62
29.64
30.54
32.5
37.74
39.98
40.2
40.28
37.36
26.94
24.77
28.94
27.69
33.99
37.43
36.05
37.35
38.92
39.19
35.13
34.62
35.37
38.77
40.23
40.3
39.48
33.34
32.13
34.65
36.59
35.56
33.55
35.49
32.91
32.4
33.09
32.43
31.75
30.3
32.76
36.44
37.5
38.36
38.5
38.83
38.87
44.98
44.14
45.06
46.48
47.26
46.61
45.75
44.59
45.8
38.05
35.45
33.58
39.43
40.9
40.86
40.9
39.58
38.95
39.95
41.12
41.12
41.35
42.39
42.79
41.48
40.83
40.35
41.41
40.72
40.65
88.98
87
88.77
91.63
88.87
79.69
76.91
71.15
65.96
70.84
73.13
67.87
67.13
66.28
64.23
64.45
63.14
59.05
57.42
54.63
57.32
58.55
60.49
60.18
62.61
63.63
65.08
64.87
52.73
45.39
48.92
41.69
42.98
44.08
40.98
39.71
42.24
38.37
35.84
32.74
31.64
30.85
28.58
27.48
27
30.22
28.81
30.75
30.58
32.61
31.61
31.42
32.09
32.92
32.26
30.17
31.02
31.51
31.58
31.04
31.64
25.66
27.5
27.2
24.85
23.99
24.67
24.85
20.48
17.67
20.72
19.67
18.24
21.31
18.44
19.31
18.86
16.68
13.21
16.78
16.93
18.66
16.16
15.38
15.64
16.45
17.55
19.84
21.49
21.01
20.84
17.8
12.07
11.65
14.18
10.05
12.03
10.98
13.29
16.81
16.18
15.98
15.61
15.4
15.06
14.63
14.84
14.37
13.64
12.96
14.26
13.49
13.75
11.68
12.84
14.25
14
14.51
13.72
12.87
13.85
13.85
13.28
7.33
7.37
7.53
8.22
9.09
9.97
2.07
1.05
5.75
9.27
8.42
5.84
8.17
7.29
6.42
8.18
8.02
9.35
6.22
4.74
6.58
6.94
5.39
11.52
12.14
11.26
10.34
11.74
10.29
3.77
4.35
2.43
2.02
2.2
0.9
0.7
1.52
4.22
7.26
9.59
10.85
12.74
10.8
11.05
12.34
11.51
11.22
13.27
15.44
16.26
14.12
12.72
18.73
18.6
19.84
22.72
23.48
25.49
26.33
26.35
21.58
18.92
14.3
17.85
19.79
20.02
20.99
23.71
22.31
22.87
22.28
23.65
23.39
20.2
17.09
15.29
15.79
17.23
14.49
19.08
19.37
22.39
24.59
24.49
23.36
22.25
24.56
21.02
24.23
25.47
21.68
21.68
22.38
23.1
25.27
22.88
23.04
16.63
24.33
21.35
24.74
26.83
22.75
20.5
20.71
21.09
20
20.55
19.09
18
19.98
23.49
24.97
24.25
26.15
28.72
30.98
30.72
30.84
31.99
33.79
38.77
37.8
37.44
38.56
39.02
39.22
38.35
37.1
36.97
36.28
36.62
37.69
37.86
37.86
38.69
39.8
39.9
38.71
38.09
37.43
36.6
36.92
38.99
39.33
37.82
36.94
37.29
38.11
38.54
39.26
38.2
37.81
37.62
39.36
41.97
43.33
42.21
41.2
41.45
39.72
41.75
40.94
34.08
27.78
27.1
33.11
37.14
41.13
42.59
43.07
41.21
39.74
39.25
38.33
32.6
37.78
39.94
40.9
42.35
41.56
41.55
36.97
32.99
33.12
33.57
33.4
29.56
34.3
37.5
38.14
39.6
38.16
30.66
28.08
34.54
35.81
35.74
33.9
36.4
36.99
37.79
37.91
38.7
38.08
37.35
29.8
33.18
35.48
36.39
35.37
34.52
34.53
35.87
33.65
34.46
41.77
39.92
38.99
38.41
36.82
35.71
35.54
35.41
36.09
37.21
37.11
36.42
36.66
38.08
39.48
38.62
38.49
34.29
30.57
30.66
30.81
33.31
38.04
38.43
36.98
35.3
35.23
65.58
62.43
64.13
66.88
68.08
74.12
73.94
73.16
66.28
56.5
53.68
55.52
55.02
52.87
44.05
37.27
34.9
47.75
47.96
47.57
46.06
50.65
54.88
53.4
51.63
51.92
49.2
46.55
45.95
35.96
43.37
38.88
37.23
36.08
35.6
37.47
37.77
36.27
35.34
34.43
33.95
35.77
35.53
34.15
32.62
32.21
33.79
32.47
34.34
32.54
32.25
30.94
34.96
32.59
29.67
27.12
32.06
34.57
34.64
29.53
31.85
22.76
25.75
23.48
24.67
23.87
24.29
23.16
23.03
21.72
22.57
24.06
23.45
22.89
23.24
22.11
22.5
23.52
24.68
25.13
24.77
22.61
20.99
21.79
20.36
18.69
20.03
17.79
7.89
8.35
8.35
10.97
7.52
8.66
9.41
9.09
8.12
10.52
14.04
13.9
16.67
15.82
14.85
13.18
13.69
14.3
14.93
14.11
13.57
8.54
11.89
10.77
14.22
14.92
14.26
15.02
13.16
11.96
9.96
10.15
11.47
10.72
9.6
5.14
5.99
6.24
6.47
7.63
9.25
9.78
9.05
6.2
3.95
3.03
3.11
6
8.35
10.36
9.38
10.1
9.74
13.59
13.64
12.22
13.15
12.93
16.76
18.1
18.2
19.35
20.21
16.28
16.06
11.07
16.5
16.32
16.25
14.39
14.48
15.92
17.3
19.28
21.19
14.43
17.46
15.82
18.82
20.74
20.4
19.14
20.31
14.11
14.27
14.3
12.53
15.87
14.86
16.84
17.55
19.25
20.93
20.96
17.49
17.33
18.4
19.86
17.48
20.99
20.93
22.68
23.31
24.64
18.13
14.01
11.35
10.06
12.46
16.05
18.35
19.11
19.69
19.36
19.39
21.4
22.77
22.31
21.48
23.77
24.39
21.77
21.73
23.32
20.38
23.21
24.85
21.51
24.01
27.59
28.78
24.88
25.05
26.01
28.81
31.57
32.29
31.17
18.47
23.82
26.09
24.71
18.39
18.93
24.59
26.75
28.03
30.18
29.57
28.77
32.42
33.53
32.23
31.85
30.1
35.59
34.31
31.59
27.66
32
32.96
33.17
34.18
35.28
36.79
37.61
38.24
37.92
36.89
38.59
39.12
39.84
40.76
41.91
40.54
39.7
39.96
38.52
39.07
38.04
37.58
39.56
39.27
36.47
31.09
29.63
34.87
38.84
41.52
43.01
43.52
43.07
41.86
39.87
38.89
38.58
38.97
41.75
43.19
42.97
37.21
42.28
40.1
39.38
38.53
34.61
26.6
27.33
31.27
33.94
37.57
33.91
29.5
30.31
38.48
28.15
33.16
35.84
41.06
40.48
33.54
32.61
34.6
37.09
38.61
40.5
41.97
42.44
35.55
38.95
39.17
32.4
30.98
31.52
35.46
34.8
31.87
32.32
32.22
30.68
30.28
34.48
33.96
32.44
31.37
31.72
32.22
38.12
39.75
41.77
42.44
43.17
44.55
44.84
44.85
43.53
42.13
41.13
40.76
42.41
42.69
42.69
41.65
40.94
39.84
36.16
35.39
37.04
38.97
39.29
39.15
39.26
39.3
38.28
37.54
36.71
38.39
77.75
50.89
57.39
56.47
58.34
62.82
66.35
69.46
71.05
70.59
69.99
70.91
69.95
66.92
63.63
61.38
61.98
62.4
61.59
60.53
60.74
58.2
56.75
49.83
52.59
58.91
63.99
64.13
60.99
61.45
62.36
46.45
45.01
44.15
44.42
43.68
41.94
40.71
40.26
38.66
39.92
39.8
38.28
38.54
38.51
38.82
39.11
38.54
36.85
30.72
32.47
32.54
30.97
30.75
31.59
32.07
30.13
29.41
28.65
27
27.12
20.6
22.45
23.37
23.13
22.62
23.15
24.25
24.13
24.22
24.46
26.05
24.14
23.15
26.05
24.94
23.39
21.25
19.19
19.17
19.82
21.7
22.33
21.58
20.59
19.46
19.44
19.08
20.18
19.37
17.35
17.88
11.71
11.43
13.9
13.6
13.51
12.74
12.77
10.07
4.76
6.01
8.65
10.05
14.16
14.96
16.67
11.87
6.64
9.57
6.92
8.51
7.67
9.49
10.55
13.1
14.09
14.14
11.35
9.09
8.91
9.25
8.85
-0.96
-2.22
-1.76
-1.56
0.25
1.23
-2
-0.52
0.34
-3.23
-1.59
3.87
6.4
4.99
10.05
9.38
6.08
9.69
11.9
11.82
9.81
10.25
9.34
8.33
11.86
14.92
16.26
8.45
4.13
4.59
0.32
0.75
5.3
0.93
2.11
-3.83
1.97
10.12
5.93
3.41
6.36
9.21
10.99
11.23
10.61
11.61
9.21
11.16
13.7
13.37
13.06
15.67
16.37
16.47
17.16
18.02
19.82
10.4
9.62
9.18
10.52
10.97
13.98
14.43
13.05
12.49
14.41
16.77
14.8
10.32
12.95
10.06
7.78
8.72
10.81
1.89
9.92
7.78
10.87
13.33
16.28
14.72
12.43
12.82
13.49
17.22
18.85
21.25
23.03
19.76
24.34
25.4
25.7
23.97
23.73
25.51
26.63
28.06
28.75
29.98
29.93
31.47
32.53
33.12
31.61
30.06
32.1
30.02
28.17
24.99
18.99
18.63
11.39
14.14
17.18
21.04
22.08
12.79
12.9
15.45
30.79
32
33.05
34.19
35.53
36.18
35.38
36.75
37.02
37.64
38.9
39.13
39.19
39.14
40.65
40.2
39.46
40.27
40.02
40.14
41.81
41.48
41.96
40.83
40.04
40.73
40.36
39.89
38.85
39.63
42.33
42.4
42.47
41.29
40.4
39.46
37.54
35.53
33.46
38.59
40.97
41.26
42.09
42.26
39.23
34.51
32.75
35.66
40.04
40.41
35.01
41.32
41.17
40.32
37.95
34.66
40.9
42.34
29.77
38.24
40.44
40.95
40.72
34.18
34.95
35.19
34.9
33.31
34.37
38.81
38.26
37.11
31.93
35.61
39.37
38.44
38.28
38.36
32.05
31.02
31.28
33.23
35.99
36.01
34.89
30.91
31.6
32.06
31.28
31.42
30.94
32.4
39.3
39.24
39.16
39.48
38.86
36.92
37.39
40.82
42.01
41.47
41.02
42.8
43.49
42.38
43.72
43.16
41.24
35.9
36.84
38.59
37.79
37.19
37.31
38.67
37.28
32.44
32.93
34.21
34.89
34.65
66.63
68.12
68.36
70.24
73.66
71.79
65.72
55.09
46.83
45.6
53.19
57.78
67.87
75.14
74.61
73.2
65.33
63.42
61.16
59.86
58.55
56.61
62.68
63.74
60.6
58.52
57.67
59.68
57.63
54.6
49.2
35.07
33.33
30.84
33.62
37.75
39.3
38.88
28.38
33.93
33.52
34.69
33.35
33.45
34.45
34.12
32.74
32.4
31.66
29.84
29.32
27.96
27.67
28.29
29.77
30.99
31.25
31.95
32.42
31.47
30.72
25.68
24
26.53
26.53
18.42
19.32
22.86
20.39
17.85
19.93
19.32
17.4
13.21
15.52
16.48
17.61
17.32
16.45
16.84
18.65
19.28
18.47
17.2
15.82
14.39
15.83
16.54
17.04
17.02
15.34
18.29
13.79
13.56
9.97
11.87
12.69
12.51
11.75
12.56
14.82
14
14.56
14.11
14.3
16.24
17.75
18.64
19.13
14.14
15.35
14.76
14.82
15.43
14.63
12.59
14.2
17.24
18.37
16.13
9.41
3.68
10.21
6.89
9.15
10.92
9.93
5.48
2.73
7.46
9.74
11.42
12.3
11.14
12.1
11.65
12.13
12.69
12.22
11.13
6.78
9.74
9.26
5.28
6.86
7.42
10.69
14.2
14.31
13.47
12.09
8.88
9.8
10.11
10.73
12.54
13.56
6.09
5.1
5.46
1.63
2.53
5.99
7.51
9.53
7.94
8.57
8.62
4.82
4.65
8.51
7.51
7.3
8.54
11.47
13.84
15.27
13.67
17.81
18.89
19.79
20.94
17.2
17.23
19.23
15.86
15.35
16.58
16.9
18.09
16.9
12.46
11.93
15.96
21.19
23.39
21.3
25.3
27.9
25
21.97
22.44
24.13
25.36
24.49
25.84
26.17
28.41
28.81
29.46
30.48
31.66
28.81
30.18
31.27
33
33.53
32.02
30.42
25.18
25.32
22.55
17.1
12.4
12.27
13.47
15.7
16.79
18.82
22.9
22
24.03
26.22
26.11
24.52
25.3
26.66
24.44
23.9
23.9
24
24.39
26.22
34.65
35.14
35.08
36.09
37.28
38.03
39.31
40.13
39.67
39.29
38.94
39.42
39.7
39.61
39.58
36.95
28.69
34.78
32.51
31.58
34.1
37
39.46
39.23
32.92
33.3
37.87
39.7
40.27
39.8
40.48
42.18
43.49
44.63
40.9
43.24
43.09
41.63
40.33
33.23
27.77
29.9
34.9
35.29
35.8
28.98
30.09
35.93
39.8
40.04
40.06
39.44
38.47
36.28
30.82
34.6
40.55
41.99
42.24
43.45
41.27
34.23
32
33.71
34.48
39.17
40.56
31.53
29.57
34.36
37.75
39.53
38.54
35.63
34.32
33.47
36.53
38
38.06
38.03
39.2
39.17
40.09
40.26
39.52
38.82
40.29
41.23
40.91
40.84
40.24
39.99
46.01
46.68
46.34
45.8
46.39
45.96
43.87
41.19
37.21
37.05
36.58
35.19
32.33
34.4
35.54
37.98
38.97
39.24
36.44
40.13
42.1
42.59
41.19
40.48
39.89
39.52
38.67
39.69
41.25
41.19
84.57
84.35
86.86
86.08
79.66
70.13
58.69
60.53
64.38
66.07
68.68
63.6
71.54
77.44
77.82
74.61
67.91
67.94
72.32
71.26
68.22
67.45
60.85
60.49
60.67
60.07
58.94
56.79
31.41
33.67
38.19
35.67
36.91
37.22
38.28
38.02
28.7
35.91
34.36
34.4
31.35
31.54
30.39
31.35
31.33
31.94
29.53
26.69
25.11
23.23
24.27
25.14
24.7
24.9
27.4
28.02
28.67
29.17
28.48
20.9
25.28
23.73
23.94
21.63
23.03
17.73
13.47
16.45
19.67
21.02
23.99
24.58
24.95
24.53
23.82
21.99
22.68
25.58
25.19
22.89
22.65
24.11
22.5
23.24
22.21
24.11
25.21
22.21
18.21
21.16
20.38
19.73
13.69
13.42
12.03
11.82
6.64
9.68
11.83
10.99
11.36
11.31
11.43
11.3
12.55
11.49
10.83
12.01
12.18
11.05
13.85
14.45
13.97
14.25
17.07
18.63
17.87
16.56
16
16.2
17.03
17.17
15.73
9.53
5.2
5.68
1.76
4.23
9.03
7.97
4.8
6.66
3.47
7.94
8.67
8.77
8.39
8.59
7.14
7.47
8.17
9.05
8.98
9.18
8.54
10.2
11.46
13.56
14.15
6.38
9.94
12.73
7.76
1.25
3.18
2.08
7.95
8.19
10.54
12.37
13.43
4.81
10.37
13.93
15.44
12.5
11.05
9.81
14.27
17.36
18.17
19.11
21
22.01
22.58
21.79
22.67
20.26
20.66
14.02
6
18.17
20.13
16.89
18.1
19.99
20.7
11.48
12.11
15.61
17.15
19.1
19.24
16.28
22.37
23.12
23.75
24.79
23.42
23.74
25.91
22.05
24.27
22.54
19.63
23.96
25.59
16.96
21.97
24.1
24.87
24.9
27.56
21.59
22.11
23.67
26.45
26.66
27.62
25.85
28.01
27.36
19.97
16.36
18.43
19.65
8.38
10.48
11.97
10.35
12.41
12
11.56
16.91
19.28
21.92
23.48
26.37
30.21
32.23
33.91
33.6
35.58
35.72
37.37
35.48
33.58
34.35
36.95
38.49
37.49
36.61
33.13
33.26
35.12
36.32
38.32
40.38
41.3
41.36
38.36
37.18
36.38
36.08
37.34
38.61
39.49
40.22
39.58
36.8
36.9
36.19
35.21
35.81
37.32
38.96
39.47
39.84
35.46
39.72
42.36
42.88
39.42
39.25
38.95
39.56
40.42
41.23
40.65
41.76
43.66
42.93
39.57
39.53
41.6
42.83
43.5
39.49
30.97
27.68
29.21
31.65
36.66
39.52
39.9
42.83
41.51
42.78
42.34
39.62
41.56
42.44
43.11
43.96
43.41
34.54
31.49
31.07
34
35.51
36.64
35.81
33.45
32.53
35.6
35.93
32.66
33.42
36.59
38.06
38.45
37.25
33.38
30.46
32.46
35.65
43.03
43.16
43.22
43.27
43.43
43.23
42.95
43.77
42.59
41.36
40.55
39.76
38.85
38.97
39.5
41.45
41.92
41.58
39.84
38.75
38.87
38.87
38.63
39.16
38.93
38.92
39.43
39.09
39.41
37.71
73.84
72.35
71.54
64.8
67.38
63.95
63.03
62.61
65.33
70.34
70.09
68.79
68.15
68.26
70.31
71.12
70.31
66.88
48.17
51.74
49.16
39.84
40.87
42.32
44.26
44.96
45.99
47.26
31.06
38.75
34.62
31.99
31.59
28.82
28.53
29.86
30.63
30.72
32.16
32.14
32.83
32.11
31.78
33.23
33.83
31.7
28.39
27.59
28.53
28.86
29.1
29.32
28.84
28.82
29.48
30.23
31.06
29
28.91
24.9
22.79
19.08
21.84
23.45
21.39
22.88
23.43
22.09
20.54
19.82
20.41
21.63
22.61
24.89
25.24
24.83
24.7
24.56
22.38
21.67
23.54
23.3
22.39
21.67
20.35
19.84
19.07
18.11
16.34
12.91
10.58
10.58
4.44
3.81
5.97
4.39
7.31
4.22
11.31
10.85
11.34
3.05
9.63
10.76
11.2
12.99
13.17
12.77
11.43
10.7
11.87
12.32
13.4
14.41
13.86
14.18
14.76
14.09
14.14
14.8
16.11
17.38
16.84
11.81
13.96
13.43
13.65
10.13
8.14
13
11.97
12.89
7.02
6.64
7.61
9.89
12.77
13.41
12.72
12.08
13.37
14.28
14.68
13.87
13.12
14.31
14.07
14.87
16.9
16.7
18.26
16.12
17.11
15.91
15.92
11.88
6.08
9.93
8.99
5.16
4.56
2.58
2.83
5.27
5.47
9.47
8.28
10.93
10.74
10.55
10.7
9.77
11.3
10.06
4.57
6.05
6.56
5
-1.69
7.3
9.18
10.49
10.74
15.37
15.11
15.25
16.84
20.69
20.79
26.1
26.27
26.6
27.83
25.82
27.48
28.99
25.88
29.78
25.1
25.86
23.39
20.95
20.5
21.96
22.89
23.68
23.28
25.69
26.46
26.31
25.82
27.64
23.21
23.29
23.34
19.84
7.68
6.24
11.93
17.09
18.72
20.16
22.61
19.56
21.02
21.43
21.12
21.62
23.76
26.29
26.51
24.47
26.04
29.55
29.62
30.89
29.66
25.54
24.58
20.38
25.82
30.2
29.96
36.12
37.01
37.82
38.04
38.5
38.55
38.33
38.73
40.46
41.76
41.92
41.13
39.63
40.38
40.19
40.42
38.81
33.37
35.44
33.92
29.27
28.7
27.21
30.68
31.79
34.19
36.6
37.52
37.9
38.67
36.44
35.96
35.81
35.96
36.33
37.63
39.47
40.57
41.04
40.58
33.24
34.24
32.89
33.07
38.98
38.71
38.44
37.48
36.69
36.36
39.36
42.64
43.36
43.41
44.61
43.34
38.41
28.75
29.48
34.11
35.82
34.38
34.03
36.88
39.53
38.98
38.53
34.69
34.69
37.64
39.18
39.94
41.71
42.3
42.22
40.03
38.73
37.39
36.52
37.7
39.04
39.2
39.56
40.64
41.49
40.76
39.92
38.7
38.01
38.51
38.49
38.34
43.93
42.11
42.62
44.39
45.32
47.38
48.23
45.74
42.33
43.29
45.09
44.8
43.46
41.5
35.79
38.67
40.88
41.76
42.93
43.44
43.15
42.93
43.43
43.9
44.55
43.71
42.28
41.01
42.22
43.29
100.2
99.64
95.65
82.94
90.95
90.64
84.25
84.5
69.11
50.86
52.87
50.12
49.8
66
69.07
68.79
66.35
59.26
57
56.96
56.65
54.21
53.05
53.75
45.14
46.45
46.69
47.89
50.19
49.41
48.46
39.5
40.35
41.07
41.31
40.81
40.48
39.95
38.78
37.54
25.2
24.52
31.04
34.38
31.8
36.91
37.39
33.4
32.87
36.1
38.2
36.37
35.62
37.59
37.18
36.61
31.58
28.94
28.41
30.23
30.94
26.14
25.39
23.37
23.7
24.55
25.01
21.79
24.08
24.73
24.64
25.22
26.53
24.23
21.96
21.57
22.61
21.37
21.33
22.03
20.92
21.15
19.22
19.5
22.02
20.8
12.67
14.51
15.94
18.12
17.89
19.88
13.13
11.9
13.71
14.02
15.06
18.55
21.77
19.04
14.7
16.05
15.54
13.58
14.31
12.34
14.96
15.13
14.45
11.52
11.23
12.41
14.01
14.11
13.79
11.65
14.65
15.89
12.14
11.34
15.11
15.21
11.78
6.75
3.95
3.52
3.45
4.35
6.06
6.04
6.24
6.14
7.74
8.11
7.62
6.19
6.48
8.9
9.93
11.33
14.13
15.57
16.19
16.79
18.56
19.62
20.41
11.89
17.66
18.46
18.7
14.51
14.95
15.29
13.93
10.42
9.12
10.98
5.28
10.11
7.82
9.24
12.81
13.92
14.2
13.72
14.3
14.42
14.34
9.12
8.45
11.11
13.62
14.51
15.23
11.04
18.26
15.08
15.42
19.35
21.67
13.77
11.49
13.69
13.5
16.54
16.1
18.45
15.93
20.57
22.25
22.7
21.32
22.97
24.27
24.13
24.78
25.29
26.41
19.2
23.29
19.75
20.64
18.75
22.28
23.28
21.14
24.65
26.92
27.72
28.47
27.27
22.75
12.98
15.42
9.6
7.17
12.29
12.19
15.7
17.2
18.65
19.98
18.74
15.81
22.77
21.42
25.19
23.86
23.79
24.78
22.2
23.13
26.63
26.15
27.66
27.27
28.31
28.42
29.62
29.76
29.54
29.77
37.3
38.19
38.8
38.37
37.21
38.79
38.39
37.95
38.95
40.27
40.87
41.6
41.93
41.54
39.81
39.59
39.55
40.27
42.48
42.34
39.08
39.7
39.16
37.92
36.9
36.84
38.14
37.47
37.46
38.28
40.06
41.83
42.73
38.09
28.84
30.81
35.57
38.54
39.68
39.69
39.75
40.99
40.63
40.44
40.41
41.73
30.79
31.2
37.22
39.05
37.73
31.01
30.08
35.09
39.41
41.17
42.07
41.07
39.68
37.54
38.37
32.35
31.45
33.34
33.98
35.2
40.02
41.18
38.72
31.59
32.43
32.32
33.61
37.59
36.74
37.89
32.99
33.44
33.62
33.75
33.48
32.21
31.42
31.22
33.01
33.65
33.26
31.52
30.71
29.02
30.43
30.56
35.08
38.45
40.87
40.24
40.13
40.69
41.85
36.01
34.69
36.59
39.67
40.31
41.61
41.95
39.95
37.49
34.97
32.68
30.9
33.69
35.66
40.19
39.59
37.33
33.72
32.58
33.68
35.19
34.74
32.64
58.41
57.25
59.75
63.99
70.38
70.24
71.12
68.08
68.54
70.13
72.32
72.39
68.22
58.45
57.18
55.73
50.47
42.67
47.96
44.79
36.81
32.22
40.66
40.76
44.08
44.89
48.32
52.27
53.82
53.08
47.82
38.51
38.08
37.49
34.88
33.6
33.62
33.5
32.95
31.08
29.96
32.01
34.22
34.83
34.19
31.92
31.58
31.97
31.76
32.76
34.14
35.03
34.12
29.89
28.33
22.05
26.79
28.86
27.43
28.19
26.38
20.15
19.2
21.1
21.19
23.06
22.38
17.83
18.45
20.08
19.97
21.58
22.51
24.86
21.34
18.41
17.5
14.96
17.56
21.04
23.52
21.46
20.18
21.22
19.26
17.79
16.42
15.56
18.65
16.81
17.97
19.26
13.36
13.82
6.19
8.28
14.74
15.68
10.83
9.27
11.6
12.29
13.14
13.1
14.34
15.28
16.91
18.23
17.73
15.75
12.84
13.76
13.5
11.65
16.62
17.46
18.53
18.24
17.13
17.13
16.77
15.05
15.79
11.13
10.66
11.6
8.17
12.98
13.08
12.41
12.65
13.59
13.19
12.08
7.43
6.97
11.12
5.72
2.79
5.32
3.78
7.95
8.54
5.9
8.17
11.3
10.09
12.46
7.93
9.31
13.13
4.51
-2.87
-6.44
-15.14
-15.27
-13.01
-8.82
-3.4
-1.32
0.33
3.48
5.83
6.89
8.63
11.91
14.32
15.66
16.16
8.72
13.09
14.46
16.26
17.73
17.56
20.88
22.39
24.18
23.44
17.61
13.15
20.07
18.07
19.29
16.73
19.24
19.37
20.41
23.94
24.45
23.61
20.88
23.07
22.65
21.11
15.32
9.03
9.14
14.02
12.06
16.9
22.73
23.1
21.93
17.06
15.95
22.47
21.31
20.93
18.76
20.28
19.98
6.29
8.21
13.11
16.74
18.68
21.78
23.27
20.31
22.01
22.67
22.77
23.08
25.11
25.89
25.51
23.65
26.74
28.25
28.75
30.34
31.47
32.51
34.05
33.93
32.76
31.6
29.51
26.42
22.8
24.04
25.4
34.78
35.71
35.99
37.04
37.75
36.66
37.24
36.22
35.91
36.93
37.52
37.11
36.85
36.05
36.96
37.73
38.66
38.24
38.47
38
38.63
39.14
36.47
37.37
37.21
40.36
40.82
40.56
39.39
38.89
39.52
40.49
41.69
42.7
41.79
39.86
40.7
43.16
41.78
36.56
26.73
27.29
26.75
33.61
38.46
37.29
30.19
31.66
32.23
28.56
31.35
38.03
39.27
36.63
38.68
38.97
37.88
37.91
36.76
33.76
37.36
39.8
38.48
37.47
40.8
41.63
33.49
31.52
33.94
35.97
33.74
38.25
40.77
41.26
40
38.75
39.28
38.16
36.53
39.25
39.75
38.28
38.67
39.68
39.42
41.22
40.68
40.67
31.57
29.6
29.8
29.71
33.17
32.76
36.68
40.38
42.22
39.65
38.78
40.8
39.25
37.43
36.46
33.58
33.65
36.26
36.95
37.39
37.07
35.17
35.9
35.47
34.77
35.28
36
35.91
35.69
34.57
34.07
33.71
31.98
33.2
58.55
65.15
64.91
64.13
62.08
64.52
62.22
64.48
66
64.83
66.07
65.82
60.56
53.29
50.54
47.15
46.09
42
56.26
61.98
62.33
60.74
55.55
54.74
44.43
47.26
56.86
59.89
58.2
57.28
56.54
40.4
40.1
39.12
37.37
40.64
39.92
39.45
39.06
38.52
37.56
36.24
36.22
29.61
31.99
31.9
31.06
28.43
27.71
28.84
29.72
31.16
31.02
28.31
28.84
30.53
31.33
30.34
30.97
30.7
29.65
23.06
22.68
25.12
25.34
23.13
23.12
22.18
19.81
18.83
17.58
16.96
14.82
13.09
13.67
14.46
11.99
8.67
16.25
18.21
19.34
19.34
18.12
20.93
19.25
18.89
21.96
24.56
25.34
24.1
24.1
24.59
17.6
17.53
17.93
17.98
16.13
16.08
14.11
13.96
12.59
11.36
12.08
11.87
9.81
10.14
10.4
11.98
12.55
13.05
14.29
16.52
15.93
15.45
14.56
12.37
6.22
8.74
10.59
11.16
13.05
12.37
11.09
6.1
5.11
6.86
1.17
5.02
1.12
0.55
2.28
3.21
2.16
4.94
7.42
7.57
8.97
7.95
12.45
12.22
12.21
11.92
12.94
9.77
15.96
14.25
14.37
10.4
7.55
11.34
10.17
8.91
5.18
8.38
11.24
10.09
10.55
12.99
15.16
15.07
13.84
14.46
13.78
13.92
13.8
12.63
6.24
4.62
6.17
7.54
11.01
9.59
12.38
12.44
12.94
17.61
15.73
11.92
12.46
13.75
13.21
15.47
16.23
8.77
15.61
17.98
18.69
18.01
19.43
16.38
19.17
19.5
19.29
14.9
12.88
20.28
20.96
24.4
26.79
28.9
30.43
31.34
28.41
30.4
30.52
30.48
32.8
34.34
31.58
27.4
25.62
28.64
30.16
26.75
27.55
27.24
28.48
28.92
28.1
28.73
28.12
28.58
28.67
25.84
28.07
28.1
27.43
26.45
23.04
29.21
32.13
32.97
35.39
39.2
39.23
38.68
36.98
37.03
38.77
39.83
39.42
38.84
35.64
33.66
37.96
38.05
38.24
37.47
35.82
37.52
39.43
39.46
37.74
36.84
36.74
37.91
39.37
39.73
38.97
38.8
38.32
33.43
36.43
40.37
42.28
42.91
43.03
42.52
39.75
37.83
39.3
41.13
39.43
39
39.28
39.78
40.2
40.19
39.47
38.87
40
40.55
41.25
41.49
41.25
41.59
39.56
35.23
41.68
43.28
41.77
40.19
39.84
39.11
35.98
37.28
40.62
41.89
41.44
41.31
39.05
37.05
37.86
40.42
43.32
43.45
44.29
44.53
42.87
42.22
42.11
41.25
41.02
42.38
42.23
39.16
34.26
36.17
40.5
41.05
39.86
39.92
41.1
41.4
39.87
39.22
37.57
39.1
41.72
41.16
40.91
37.53
34.39
37.42
37.15
40.4
47.17
47.97
47.98
47.28
46.22
44.65
43.23
42.86
43.75
44.94
44.98
45.55
45.62
44.59
43.44
43.6
44.91
45.61
45.44
43.96
42.5
42.03
42.65
43.59
43.9
43.51
41.87
39.86
39.01
39.05
85.87
81.99
83.93
82.38
81.92
82.24
83.51
86.9
88.52
88.59
84.53
75.71
74.29
70.41
69.35
72.18
70.02
65.58
62.65
58.91
59.79
59.93
59.75
59.93
59.58
58.3
57.42
57
57.21
55.87
53.05
41.31
41.69
40.59
39.31
39.38
40.02
40.48
40.74
41.64
41.94
41.41
41.39
41.76
39.23
36.08
33.79
31.45
28.75
28.82
29.22
29.74
28.19
30.34
30.78
25.87
22.31
25.25
25.28
26.64
27.74
24.05
25.07
25.04
25.68
24
22.95
24.34
23.19
21.85
23.72
22.95
22.14
21.39
21.94
25.36
25.95
23.96
19.87
22.29
20.35
22.27
24.95
25.78
22.91
20.92
21.19
20.59
20.02
22.17
22.85
18.99
14.63
7.42
9.21
12.77
12.38
7.38
7.53
8.57
3.97
0.33
1.85
3.44
2.5
5.17
7.21
2.57
4.55
4.94
7.74
8.3
8.73
6.59
4.7
1.31
3.45
4.55
6.86
3.64
3.67
6.25
10.44
2.43
9.34
8.13
6.23
6.67
2.81
5.18
4.72
2.4
1
-0.63
0.61
4.03
4.15
2.81
5.1
7.27
8.86
7.95
9.86
12.53
14.21
10.18
6.46
7.31
13.53
12.64
11.41
7.02
5.35
7.92
9.18
8.94
9.18
8.26
3.05
2.55
4.42
5.01
5.94
7.89
12.06
10.15
5.19
13.21
14.33
10.08
16.03
14.86
13.33
11.47
10.15
9.68
8.72
13.12
11.88
12.85
7.97
8.41
6.45
8.46
10.54
6.07
11.12
12.49
13.26
14.15
16.22
16.64
16.87
14.28
13.83
13.82
7.14
15.14
14.6
15.22
16.26
13.65
18.69
18.43
20.36
21.53
16.83
20.37
20.07
20.64
23.28
22.31
16.71
21.07
22.64
21.71
17.36
21.65
22.97
15.36
12.9
14.71
11.56
15.1
16.63
19.48
17.15
21.42
22.42
26.33
25.33
24.25
26.17
22.58
19.75
20.55
21.89
25.6
27.33
28.7
30.32
32.05
33.79
38.11
37.6
38.51
39.66
40.27
40.46
40.94
40.89
41.84
41.32
39.95
38.66
37.37
37.34
37.51
39.52
40.22
39.97
38.85
40.11
40.54
41.05
40.52
39.38
40.25
40.75
39.75
42.98
43.67
43.7
41.11
36.47
36.76
36.21
36.78
37.89
39
40.68
39.71
40.4
40.86
39.16
31.09
31.02
30.51
31.61
31.86
33.78
35.52
37.23
39.14
38.69
39.74
37.72
32.78
40.2
41.64
40.41
37.36
40.27
41.83
41.86
41.08
40.31
39.69
39.1
40.31
41.36
40.76
39.16
41.52
41.83
41.29
40.84
39.19
37.43
37.24
37.48
40.19
41.21
41.22
40.86
40.47
40.71
41.9
42.25
41.72
39.35
34.66
31.42
31.65
30.65
35.06
36.36
35.29
37.35
40.01
40.35
37.92
37.84
39.86
39.61
37.29
36.75
38.69
40.29
41.92
41.88
34.97
35.46
39.4
38.74
38.06
37.96
39.5
39.9
38.92
37.96
33.43
36.5
37.8
37.83
73.91
69.92
69.28
71.01
77.05
80.19
78.49
72.81
67.76
67.45
54.78
70.52
63.42
62.89
71.96
64.52
65.26
63.03
64.8
69.67
68.51
65.01
62.96
58.8
56.5
56.5
52.48
52.09
49.76
43.94
39.92
34.93
35
36.42
37.08
37.92
38.11
35.51
35.82
37.4
38.78
40.19
40.43
39.8
39.43
38.8
35.89
34.76
33.09
32.88
33.14
32.62
32.74
34.46
35
34.98
35
31.56
32.21
33.86
32.59
25.22
24.67
23.6
21.1
21.15
18.56
19.05
19.14
15.92
19.94
19.73
20.44
19.53
19.05
18.14
18.36
18.39
18.5
17.83
21.21
19.79
19.22
16.6
17.1
17.82
18.48
18.48
19.37
19.55
15.82
12.04
10.12
11.25
12.58
11.57
10.81
11.9
11.68
15
14.81
16.22
16.4
15.53
14.18
14.05
14.56
15.49
17.65
21.83
20.88
18.64
17.9
15.86
19.37
19.98
18.17
17.04
12.32
7.79
14.78
16.69
14.14
7.82
8.02
2.89
8.25
8.06
7.62
6.6
1.31
6.02
4.4
3.79
4.04
5.32
-1.46
6.62
8.31
10.81
6.07
8.93
-1.76
-4.41
0.95
8.21
13.87
9.07
10.12
12.7
15.72
10.28
8.25
11.5
11.24
8.26
9.97
10.4
10.54
3.35
6.24
-0.61
4.03
6.61
3.58
5.9
6.52
9.22
12.34
12.01
10.68
12.97
12.37
7.41
9
9.75
11.91
12.72
15.42
16.53
14.76
14.63
12.91
11.93
13.18
14.75
16.63
19.13
21.3
21.83
18.46
17.2
12.22
13.52
16.47
17.09
19.72
20.69
19.39
22.19
22.03
20.49
17.49
18.03
19.92
19.63
19.55
23.1
23.16
22.87
21.28
20.02
17.45
20.03
17.15
14.08
8.87
9.83
10.82
10.93
12.02
12.84
13.88
16
16.79
13.5
18.05
10.46
13.88
16.32
17.86
18.72
19.04
15.81
21.42
16.32
12.7
11.55
17.53
21.24
25.38
30.01
31.6
37.87
38.42
37.49
37.06
35.53
39.36
38.71
37.12
36.9
35.72
35.55
35.4
35.18
36.15
35.94
34.68
36.57
35.95
35.46
35.72
34.58
36.28
38.18
40.09
41.26
39.6
37.45
36.23
36.82
38.04
39.44
40.68
40.82
39.86
27.86
25.01
30.19
32.41
35.46
36.46
35.49
37.68
40.48
42.38
43.33
42.96
42.33
41.8
43.3
43.69
41.69
33.22
35.21
39.27
39.81
35.49
39.73
41.41
43.09
34.75
38.21
40.57
40.03
35.53
36.43
38.17
40.14
40.69
33.12
29.21
32.18
35.2
35.84
39.65
38.9
35.46
32.29
35.5
36.27
36.79
37.2
37.82
38.06
38.55
39.33
39.87
40.3
40.03
39.64
39.89
39.61
38.91
43.54
40.62
37.03
40.2
41.33
41.66
41.97
42.42
42.44
42.39
43.12
42.35
40.73
40.25
39.41
38.98
38.9
38.75
39.24
39.77
39.59
39.53
39.43
38.71
38.93
38.74
38.75
38.72
39.32
39.07
78.07
73.34
68.75
69
72.71
73.98
74.19
77.08
78.39
82.09
83.86
79.87
69.04
51.74
65.33
74.72
69.28
66.42
64.02
65.33
64.69
61.02
53.96
56.15
58.69
59.79
53.19
48.99
27.81
31.06
24.91
27.81
31.06
34.93
36.7
38.94
40.62
42.15
42.08
41.72
40.69
37.51
33.71
38.14
37.25
39.49
40.17
39.64
36.6
34.02
38.9
37.59
36.34
34.88
34.28
34.55
34.57
35.08
34.17
33.62
36.8
30.84
30.34
30.05
29.54
28.75
28.25
27.48
26.53
24.49
23.76
22.26
24.95
27.72
24.95
23.78
25.58
25.18
26.43
23.55
20.14
23.03
26.73
26.47
25.04
24.4
25.55
25.98
27.81
28.13
28.76
25.71
17.84
18.81
18.29
17.09
14.22
15.46
15.87
16.01
15.51
13.34
11.61
12.63
13.91
14.23
15.83
18.74
20.31
19.94
20.31
14.04
10.55
12.78
13.38
12.58
11.28
11.81
13.14
12.73
11.13
11.1
9.75
2.57
2.81
4
1.32
7.54
9.1
8.91
6.26
8.89
7.31
5.59
3.87
7.14
1.64
9.23
10.06
13.32
13.13
14.6
15.95
17.94
18.96
20.13
20.33
21.09
12.89
17.3
11.29
12.34
11.13
7.78
5.72
8.31
6.96
14.49
16.15
15.3
15.45
16.23
7.54
6.34
9.68
5.13
7.88
11.1
12.35
14.89
17.03
17.36
15.51
12.29
14.11
12.31
13.95
8.88
3.38
3.94
9.31
10.73
9.64
11.09
13.43
15.06
11.15
14.47
14.99
16.44
13.69
15.76
12.55
11.33
13.07
14.93
12.98
7.08
14.95
14.07
16.29
15.76
15.87
16.31
18.43
18.55
19.46
20.99
21.76
25.2
24.77
27.31
21.81
21.16
20.44
22.31
23.43
20.8
13.04
11.19
11.83
14.14
18.66
12.49
12.56
13.83
17.29
17.62
19.37
20.75
21.53
22.96
24.69
28.34
26.78
26.81
27.76
29.3
30.21
32.51
33.57
34.18
34.35
39.22
40.35
40.34
39.57
39.39
39.16
39.63
40.22
39.38
39.53
39.06
38.75
38.51
39.23
40.47
40.2
39.75
38.34
36.92
38.25
39.75
41.08
41.03
39.62
38.02
38.42
38.04
39.74
41.02
41.61
41.28
39.69
41.02
40.96
39.1
26.35
32
32.37
37.83
40.53
40.69
40.42
39.91
40.64
42.36
39.85
31.31
37.79
39.29
38.16
38.69
37.6
32.59
40.6
41.28
40.58
41.75
40.32
40.14
40.88
44.26
44.7
43
39.38
38.54
40.13
41.74
40.89
35.66
33.61
39.25
40.66
41.39
41.85
36.51
33.15
37.92
38.83
39.34
38.5
34.83
36.89
35.84
38.27
40.97
41.02
41.27
39.92
39.03
38.5
37.66
36.07
39.97
39.89
41.1
44.82
45.04
45.48
47.51
46.75
45.12
44.37
41.12
42.1
42.95
42.68
40.51
39.05
39.32
40.13
41.56
43.46
43.26
41.98
40.93
41.21
42.82
43.53
43.77
43.61
44.37
44.43
102.5
102.14
100.17
95.33
88.48
70.87
62.51
72.88
73.84
66.78
72.35
78.6
83.82
87.42
89.44
91.8
89.51
73.02
63.56
76.77
76.62
77.05
79.91
82.55
83.15
81.67
80.01
74.97
66.35
65.19
64.45
49.94
49.87
40.35
44.51
41.22
37.56
37.59
38.21
38.78
37.28
39.19
39.3
36.85
37.42
37.59
39.16
37.46
40.02
39.42
38.01
37.83
36.06
34.58
33.38
32.9
31.88
31.51
34.41
34.5
34.74
29.44
30.94
29.77
25.9
25.93
24.28
25.66
26.89
26.67
27.68
27.5
21.97
23.58
22.97
24.03
24.8
27.12
29.2
29.24
28.85
18.56
23.15
22.57
23.57
23.36
22.62
22.24
22.61
22.33
21.76
22
16.23
16.01
14.15
13.1
9.39
14.62
16.58
17.42
18.53
18.84
15.4
17.21
16.62
15.91
16.44
15.75
17.35
17.83
17.89
18.26
18.46
18.6
16.89
15.79
13.16
7.66
10
9.2
6.76
5.99
6.04
0.88
0.65
1.44
6.32
8.7
10.17
12.04
13.36
13.71
10.92
12.92
12.18
10.84
9.83
3.59
7.35
8.54
9.23
8.25
7.42
7.95
9.25
11.69
13.52
13.97
14.59
18.92
18.55
19.26
12.79
15.95
16.6
16.29
17.47
17.39
18.86
17.56
18.45
16.71
15.53
17.75
19.02
19.47
19.53
20.35
19.7
21.62
22.27
23.13
24.71
26.35
20.62
17.36
12.46
17.42
21.59
21.73
22.17
20.41
20.83
17.62
19.95
22.58
21.7
24.61
24.78
25.27
27.21
24.85
20.62
21.48
22.96
23.77
23.32
22.34
19.53
22.21
24.64
24.35
26.62
22.84
27.43
28.08
24.88
21.7
24.32
27.4
25.11
27.83
28.57
23.32
22.61
21.31
21.13
21.57
25.19
27.3
26.72
24.97
24.08
22.94
23.15
24.28
23.35
23.38
26.09
27.93
29.3
29.9
27.47
29.9
30.83
30.76
32.2
32.31
31.79
26.96
27.84
29.25
30.1
25.79
30.59
30.21
34.81
37.42
39.19
40.31
40.95
41.77
42.23
42.28
41.74
41.27
40.79
39.99
40.68
41.03
41.53
41.93
40.21
40.96
41.29
40.46
40.08
38.75
41.17
42.62
43.25
40.41
35.8
34.86
36.95
40.95
43.35
43.13
41.57
29.13
35.79
39.71
28.78
26.75
32.51
38.63
36.94
29.88
28.1
26.44
25.43
29.35
32.98
29.06
28.31
29.58
34.94
35.37
34.26
37.6
30.08
26.96
30.5
27.73
28.5
33.76
34.68
31.76
30.27
31.28
32.9
35.65
36.81
36.07
34.57
37.29
36.64
34.56
38.34
37.37
37.8
35.56
31.89
30.77
29.91
32.49
33.4
35.13
36.9
36.15
35.06
31.99
33.9
32.29
30.9
30.6
34.99
38.39
39.17
37.32
36.64
39.26
40.33
39.73
40.56
41.52
41.7
42.57
43.35
43.03
38.78
38.85
37.98
36.42
40.29
39.29
38.75
37.72
33.95
32.76
31.19
34.32
35.37
36.43
36.39
36.35
68.19
60.53
56.89
57.03
58.91
61.23
59.96
59.36
61.59
66.95
65.29
56.19
55.73
57.42
53.93
66.78
67.06
68.22
67.45
67.34
68.79
70.91
68.44
63.92
63.67
63.21
56.05
54.67
52.48
51.63
49.83
39.64
40.66
42.13
41.14
36.29
38.11
40.35
40.59
40.4
38.59
38.2
37.35
36.51
35.12
33.98
33.31
35.55
36.22
36.48
35.86
33.74
36.12
33.93
34.98
34.58
33.91
32.45
31.28
29.91
28.93
23.1
24.05
24.64
26.07
26.49
24.85
23.42
23.64
21.82
21.61
22.79
24.73
27.38
25.62
29.48
24.2
22.29
23.6
21.34
20.2
20.68
19.87
22.53
22.38
21.4
19.94
17.1
17.47
19.25
19.78
19.81
13.35
12.26
12.8
12.51
13
13.94
16.63
18.17
16.85
15.79
13
14.22
14.93
14.95
16.62
16.23
16.52
17.93
17.71
17.57
15.11
13.71
11.54
12.87
13.78
16.47
13.47
15.07
14.4
12.49
14.31
10.92
11.14
11.21
11.8
9.88
9.43
11.24
12.21
12.37
9.06
12.05
12.09
11.3
9.89
10.61
10.8
11.84
11.2
11.52
10.04
10.72
10.28
9.53
6.34
9.23
7.69
3.74
3.16
-0.89
2.31
5.34
6.62
5.21
4.68
3.05
6.28
5.89
7.85
7.11
9.12
12.35
16.4
10.49
11.72
12.74
12.4
18.77
18.15
18.76
19.11
22.12
20.4
17.12
18.98
19.29
12.71
13.27
10.45
20.63
14.64
12.61
15.15
17.09
17.58
16.06
15.54
20.4
21.82
21.38
20.18
17.42
22.47
24.56
22.7
22.93
23.77
24.72
26.57
28.47
29.45
29.18
25.26
23.93
16.16
15.63
14.59
15.99
16.93
18.29
13.47
16.88
14.98
14.21
13.83
17.01
18.54
20.13
21.4
18.93
20.41
22.96
25.48
25.24
24.19
23.79
25.38
25.19
24.58
26.33
28.2
29.14
29.88
28.88
31.27
29.51
24.94
27
27.79
26.7
27.07
34.81
35.06
35.41
36.58
37.86
38.77
38.9
38.93
38.85
39.91
40.22
40.16
39.78
41.05
40.95
41.81
41.51
39.22
39.42
36.33
28.96
30.62
34.88
37.59
38.86
39.34
36.1
32.34
36.33
39.74
43.13
41.78
40.07
38.22
37.02
36.63
37.33
39.85
41.2
27.19
25.38
27.14
29.24
31.47
32.8
32.93
31.46
30.53
33.67
37.63
38.44
38.88
38.79
38.5
39.27
40.44
42.87
42.91
41.71
39.73
38.68
40.16
35.54
37.92
37.63
36.59
39.58
36.55
33.29
32.9
29.85
35.2
37.44
37.02
40.44
41.08
33.67
31.39
32.21
34.21
34.79
37.64
37.73
37.07
35.26
35.51
35.01
34.34
33.01
32.93
34.71
36.09
43.08
41.63
37.31
38.77
43.22
44.13
44.56
45.5
45.36
39.89
35.96
33.76
34.69
35.45
37.63
38.06
38.2
36.64
36.13
37.18
37.82
37.96
38.69
39.99
40.89
40.96
41.6
42.66
42.42
42.1
92.61
86.97
81.53
77.79
74.93
72.88
69.78
76.24
80.05
81.57
81.57
80.75
78.57
71.19
72.67
73.31
72.07
71.65
69.81
59.86
52.69
58.55
60.25
60.81
56.15
57.99
54.28
55.34
35.89
40.94
39.1
31.13
28.74
27.02
28.89
29.61
31.64
34.86
36.8
36.44
37.96
35.77
35.12
30.2
26.33
22.29
21.27
22.8
25.68
25.04
25.57
29.17
29.29
29.75
29.63
29.1
29.17
31.47
34.26
28.79
33.91
27.23
24.52
23.55
24.17
24.05
22.56
24.74
25.8
24.31
24.59
25.75
25.66
26.59
30.69
32.06
32.13
31.7
30.94
29.68
27.01
26.79
24.76
25.15
26.52
26.62
26.97
24.97
24.2
20.45
22.67
23.3
18.24
19.48
19.02
18.38
17.8
16.69
18.09
18.31
13.87
10.07
10.61
14.18
16.04
15.32
8.12
12.03
9.88
10.63
12.76
11.14
11.94
14.88
16.51
16.48
16.63
15.64
13.75
7.42
15.05
17.39
16.4
12.74
13.39
12.1
13.73
13.52
12.73
13.61
13.64
13.47
14.64
14.56
14.84
14.79
14.76
15.55
15.69
15.51
15.8
16.4
15.89
16.19
15.53
16.92
17.59
18.3
17.48
12.12
13.64
10.55
10.82
11.76
11.53
15.95
11.61
12.32
14.2
17.18
18.91
16.59
9.75
11.27
12.48
12.2
5.77
4.45
7.61
5.1
8.5
11.72
14.26
13.44
16.13
16.25
17.5
19.48
19.91
20.44
18.18
16.93
12.29
13.98
14.9
18.35
18.84
20.24
20.77
22.19
11.94
18.06
15.51
14.77
16.48
19.37
12.75
7.15
11.87
14.34
16.31
16.84
19.47
21.83
22.19
25.45
22.5
27.53
28.12
31.85
29.58
32.18
28.64
26.09
22.14
20.3
15.91
20.41
22.09
21.75
26.72
23.24
23.02
22.55
22.91
23.95
23.29
27.55
31.91
31.43
32.45
34.1
33.31
33.36
33.88
34.86
34.23
30.51
32.73
35.28
37.12
38.71
39.17
40.7
39.84
38.48
37.01
37.65
37.98
38.16
38.23
38.03
37.81
38.33
38.28
38.66
39.12
38.83
38.39
38.86
39.35
38.52
38.87
40.46
40.84
37.66
36.61
37.72
38.95
39.93
39.27
39.54
41.27
43.39
43.48
41.56
41.97
42.73
42.57
40.76
40.73
44.3
45.47
45.89
44.9
42.42
40.02
37.46
41.21
44.56
33.62
29.29
28.09
29.96
31.31
36.83
39.81
40.16
42.53
42.13
42.57
41.25
37.71
31.19
42.11
43.28
39.24
36.64
34.64
34.61
32.21
32.44
32.79
32.51
34.03
38.38
39.33
38.49
39.09
39.89
39.93
39.04
35.3
32.74
35.61
38.06
40.66
41.77
40.06
35.7
39.4
39.85
39.33
39.19
38.47
44.13
43.03
38.76
38.89
39.67
41.08
43.15
44.43
44.85
44.57
42.86
42.12
43.6
44.78
44.48
43.33
42.83
41.1
40.18
38.88
39.16
39.88
40.82
40.86
40.33
39.97
38.56
33.38
33.14
35.61
67.91
68.54
69.74
70.52
72.18
70.55
71.05
71.19
71.86
71.08
69.78
63.25
57.56
50.93
51.32
59.93
57.7
54.63
55.41
58.98
35.19
40.02
38.47
35.96
34.48
36.35
35.82
35.93
40.97
40.62
37.02
33.85
27.29
25.28
23.66
27.76
31.61
30.44
32.31
33.79
32.66
30.99
32.02
33.36
34.15
33.9
33.78
31.16
31.4
31.58
28.36
31.52
33
34.22
32.01
34.12
32.49
31.54
31.73
30.72
29.37
25.27
26.83
26.94
22.76
18.83
23.64
25.9
23.97
22.44
24.37
25.3
25.42
23.97
22.98
21.43
15.92
22.05
22.56
23.21
23.45
21.05
19.19
12.39
12.4
16.89
21.93
20.33
18.9
13.17
12.64
13.45
12.3
12.16
8.15
8.83
7.26
6.99
6.46
7.5
6.84
6.8
7.41
9.12
9.85
9.48
9.76
10.85
12
11.79
9.71
13.46
14.93
14.88
15
12.88
6.55
12.08
9.53
8.83
6.8
6.26
7.64
4.14
5.71
6.4
8.9
3.09
4.1
-0.26
6.77
7.91
6.75
9.25
10.62
11.72
11.38
3.51
6.24
6.6
7.41
9.66
8.77
10.9
11.4
11.41
14.73
15.08
16.18
17.42
14.23
5.94
10.7
10.12
7.72
-0.49
0.11
6.67
7.57
8.84
11.44
13.53
15.44
12.46
11.73
6.49
4.2
8.66
8.03
9.68
10.77
12.77
12.6
14.37
13.64
15.61
13.47
17.55
15.07
16.56
12.01
14.12
12.66
11.52
6.42
7.52
5.95
8.22
10.49
13.42
10.7
17.7
19.44
12.14
12.63
16.86
16.16
16.9
16.05
17.77
18.24
15.32
15.77
18.78
5.48
14.77
19
22.02
25.71
25.21
21.47
18.91
17.73
18.58
20.39
21.43
22.58
24.01
25.26
27.41
25.3
24.94
23.98
21.12
21.05
25.26
26.2
23.7
23.76
22.86
23.62
22.74
16.4
15.99
14.74
9.19
11.56
12.18
13.64
13.85
13.75
13.86
14.55
29.5
32.1
32.91
25.95
31.69
34.39
36.05
37.24
38.34
38.83
39.49
39.27
38.01
38.37
37.91
36.09
37.24
39.01
40
40.22
39.91
39.56
38.12
36.33
35.26
36.34
37.52
35.21
33.72
37.13
38.11
38.17
36.74
33.1
28.78
35.19
37.07
38.61
39.08
41.33
43.06
42.91
40.28
33.01
31.83
35.78
40.13
42.42
43.48
42.2
41.89
41.52
40.87
39.08
39.15
42
44.14
44.73
45.33
44.8
44.44
42.14
40.28
42.51
42.05
41.59
40.28
39.47
40.86
41.68
41.78
41.54
41.88
42.85
43.76
44.08
43.79
42.54
41.24
39.83
39.29
39.43
38.78
39.72
40.21
41.21
41.87
40.69
39.42
40.86
40.75
40.11
45.39
45.98
46.57
46.25
45.26
42.89
36.29
37.42
44.41
41.99
37.8
37.76
39.51
39.11
36.46
38.04
39.65
40.65
40.9
41.34
40.62
40.69
40.96
40.5
40.77
39.76
37.99
37.77
37.95
37.43
74.33
75.32
76.98
78.28
79.13
79.87
78.92
71.68
71.79
70.31
68.12
75.49
75.53
75.35
75.49
72.28
69.88
66.92
59.4
52.73
54.95
58.45
56.15
54.18
55.59
59.61
58.8
51.88
32.96
28.16
43.66
36.05
34.45
34.21
35.41
31.68
32.09
34.67
30.73
30.08
30.89
32.49
35.14
36.48
36.12
36.37
36.36
34.93
33.5
33.48
34.84
36.55
35.36
34.38
32.88
32.18
33.33
31.87
31.02
31.06
30.47
24.34
26.01
25.68
25.9
26.97
24.91
21.55
24.28
24.95
25.96
26.04
25.12
25.18
25.81
24.77
24.4
24.34
24.11
24.49
25.74
26.19
24.43
22.47
21.19
17.8
12.19
12.52
0.72
1.4
7.52
12.21
11.02
11.96
12.92
12.98
12.91
13.38
13.65
13.17
15.25
17.18
16.15
16.64
15.89
15.18
14.23
13.87
13.45
12.6
10.9
9.64
8.88
8.11
7.78
5.24
3.51
1.55
2.93
2.84
6.58
10.65
14.74
11.08
14.87
16.3
17.7
17.15
17.47
16.07
12.64
10.82
8.06
7.79
8.14
10.14
11.36
11.56
13.16
12.84
12.64
12.69
12.28
14.43
18.59
18.03
16.8
14.64
14.64
13.87
18.76
14.65
6.86
7.64
7.64
7.16
8.07
9.86
11.41
12.84
14.85
16.07
17.56
20.56
23.19
24.24
24.6
23.94
25.06
24.72
19.63
14.03
26.97
17.27
16.46
19.59
21.47
21.24
20.81
20.54
20.9
24.03
26.66
22.28
18.94
23.77
19.86
23.71
24.32
22.67
22.74
19.29
16.99
15.69
17.87
22.25
19.78
18.48
21.32
24.27
26.15
26.93
27.3
25.2
20.99
22.93
21.95
22.7
22.13
24.4
25.95
24.79
27.92
22.82
22.61
23.52
22.52
20.53
19.64
17.48
13.06
18.57
20.33
21.51
24.12
26.92
23.3
22.58
21.6
16.66
15.67
24.22
14.38
25.44
28.89
28.51
30.54
27.92
27.4
28.23
25.63
27.46
28.64
31.06
36.8
37.17
37.72
38.02
39.01
39.55
40.05
40.12
39.16
40.29
40.9
41.43
41.79
41.13
39.85
37.45
36.57
36.93
38.41
40.67
41.98
42.13
42.55
42.64
40.96
40.13
41.24
42.81
41.6
40.49
38.88
43.41
44.7
46.1
41.77
38.63
38.11
34.19
39.01
41.69
41.96
42.8
43.9
42.34
40.36
40.08
42.17
44.34
42.7
43.93
43.19
41.63
41.99
40.66
39.28
37.81
36.41
40.08
37.31
32.97
39.62
40.5
32.39
35.41
41.72
42.18
38.78
41.22
43.1
41.77
36.9
41.61
41.81
41.69
42.83
41.41
40.89
38.71
32.79
35.67
35.16
34.54
37.07
41.1
40.06
39.31
37.3
37.2
39.55
40.92
41.12
38.84
36.44
36.55
39.41
43.79
46.23
46.12
46.02
47.53
47.18
46.28
46.21
45.63
43.59
41.29
41.21
42.72
42.49
40.49
37.3
41.57
41.49
38.14
36.65
38.31
38.48
38.35
38.61
39.8
40.71
40.88
82.59
79.24
75.39
70.34
70.06
58.66
63.74
66.14
66.71
71.96
74.05
70.06
69.35
69.35
68.68
66.35
63.39
62.08
62.89
59.82
59.96
61.48
64.8
64.98
64.16
62.33
60.46
59.33
59.65
61.06
61.02
46.24
45.69
45.06
43.34
37.96
39.37
39.11
39.3
39.21
38.56
39.49
38.45
34.67
35.79
37.03
39.33
40.1
39.07
39.09
40.6
38.3
37.16
37.89
37.89
37.37
37.59
36.67
34.98
34.6
34.07
29.92
28.66
26.59
24.89
21.64
23.12
23.49
26.44
25.13
23.79
23.49
23.73
25.06
18.75
20.38
20.42
20.2
21.19
21.54
21.61
21.76
21.96
21.6
22.23
21.43
20.17
20.42
21.05
21.04
23.49
26.4
20.52
19
18.63
20.2
20.46
20.39
22.05
20.74
20.17
21.37
22.45
22.09
20.73
15.43
16.6
14.74
14.65
14.63
12.65
15.51
14.95
14.29
14.73
16.74
19.69
21.81
20.48
17.1
19.5
19.39
11.05
8.35
6.28
5.75
7.27
8.73
10.34
10.61
13.19
12.66
10.1
15.37
16.58
16.55
4.82
8.26
7.33
5.3
8.13
10.57
11.6
12.64
13.21
13.85
15.79
17.62
19.11
20.61
19.47
13.49
10.14
8.06
13.25
11.5
10.51
2.87
4.84
10.52
11.13
12.26
13.68
13.47
5.55
10.64
12.91
11.88
13.65
13.92
13.93
10
11.66
15.54
18.04
14.43
15.25
16.88
16.59
22.24
20.49
24.5
21.76
19.95
21.5
21.83
18.16
16.96
14.86
17.67
18.32
21.27
21.21
24.72
25.85
25.63
23.13
18.98
6.88
11.71
11.78
12.85
13.79
15.45
16.61
16.84
11.85
17.62
19.39
17.97
21.5
22.45
18.93
17.36
17.32
16.36
19.98
24.66
29
31.44
32.13
29.41
30.39
31.58
30.51
28.8
29.82
29.62
31.39
32.59
34.31
36.76
36.01
34.75
34.34
35
35.03
36.02
37.47
36.45
38.15
36.41
34.27
38.16
38.42
38.91
36.1
36.08
36.92
37.76
38.56
40.25
40.13
37.71
38.33
38.6
39.13
39.17
39.43
39.23
39.45
39.79
40.16
30.79
30.57
30.57
35.84
38.43
37.89
38.35
39.89
41.82
41.38
38.74
30.46
33.54
38.09
41.76
43.08
43.76
32.7
30.4
34.97
38.49
40.31
41.47
39.58
37.27
36.95
38.19
38.7
38.88
40.26
41.01
41.61
40.59
40.05
38.16
29.25
29.93
36.17
40.55
41.75
39.25
40.06
37.81
33.9
34.36
33.48
33.12
32.68
31.99
34.9
34.02
33.73
40.11
41.15
39.47
41.14
41.55
42.52
36.74
31.43
35.33
39.97
37.72
34.43
34.65
35.63
37.11
33.48
33.75
36.66
36.98
36.86
43.56
43.75
43.32
42.28
40.99
42.6
41.76
35.65
32.76
35.42
36.5
37.14
37.29
35.66
36.26
35.94
36.34
37.68
37.07
36.16
37.14
38.59
38.5
37.96
37.8
39.12
39.4
39.73
38.04
36.84
72.42
72.74
72.14
75.57
78.11
80.15
77.4
74.33
70.31
67.06
63.18
54.92
50.82
55.06
54.32
56.75
59.47
62.22
66.42
67.52
66.63
60.92
57.67
49.9
42.88
44.79
48.14
49.45
52.8
58.38
62.08
47.95
46.86
44.46
42.2
40.93
33.93
33
31.82
29.99
26.81
25.95
26.74
28.39
30.03
31.97
30.7
30.92
32.4
31.9
31.97
32.11
26.06
26.09
24.64
30.72
29.74
29.37
32.01
36.96
37.15
29.53
28.7
26.41
25.36
20.47
18.38
20.69
23.1
22.71
20.56
19.63
17.8
15.41
15
14.57
13.38
10.96
13
15.25
17.56
18.89
18.48
20.26
18.62
16.28
13.3
13.44
15.91
17.83
19.56
20.83
12.25
12.96
12.48
8.83
8.25
8.63
9.49
11.57
11.9
12.74
13.17
16.8
17.33
15.51
14.41
12.67
11.09
11.46
12.48
13.87
13.96
14.55
16.55
17.22
16.42
17.57
17.51
18.57
19.5
19.65
18.15
12.01
11.16
10.45
13.88
10.17
10.36
9.21
5.76
9.29
13.69
4.83
6.62
8.06
8.98
9.89
10.53
9.74
9.03
10.37
11.94
12.92
17
19.71
21.07
20.3
20.33
16.63
16.7
15.14
11.61
9.21
12.2
14.63
15.66
16.44
16.53
19.19
22.17
25.05
24.56
22.85
19.51
19.88
19.56
19.9
21.73
22.54
23.67
25.18
26.67
23.04
20.69
21.71
20.97
16.46
21.62
23.19
20.77
12.68
13.11
13.92
14.67
15.54
16.68
18.29
16.6
20.01
22.25
22.99
24.75
25.13
26.78
26.18
28.29
28
26.79
20.92
17.13
14.3
19.79
22.31
20.46
25.73
21.92
22.08
24.36
18.74
23.8
26.46
25.44
27.36
28.21
29.21
29.63
28.72
32.18
27.07
16.54
21.94
19.68
22.2
26.23
28.8
30.31
33.25
34.59
33.96
25.18
16.88
13.66
16.24
24
15.26
13.83
15.69
16.51
15.36
15.44
16.27
17.14
31.81
36.35
36.45
37.9
39.27
39.21
38.43
38.85
39.44
37.96
35.23
30.26
33.13
35.56
38.16
38.72
38.79
39.34
40.21
39.92
39.04
39.41
41.11
40.27
39.97
41.32
42.14
43.33
43.34
43.1
30.58
35.12
37.64
37.78
39.71
38.53
39.92
43.32
44.19
40.52
29.47
31.6
36.25
39.85
41.61
42.07
42.26
42.41
41.59
40.21
38.65
38.02
38.17
40.51
41.89
42.01
40.02
37.96
40.09
41.81
42.34
42.13
42.85
42.49
43.15
43.53
41.54
43.27
40.95
41.1
41.72
41.47
40.69
39
37.62
38.98
39.83
40.97
40.5
39.17
38.78
39.26
38.16
35.52
36.39
31.82
32.72
33.22
37.75
41.95
40.54
39.61
42.57
38.17
35.83
36.92
39.87
42.59
42.83
42.4
43.77
45.04
44.22
44.17
42.93
42.45
40.35
42.58
44
45.14
44.42
41.6
41.32
40.54
41.1
40.53
40.26
39.13
39.58
37.68
37.31
35.71
66.81
68.96
70.62
73.38
73.62
70.8
65.01
57.49
59.22
67.24
67.69
69.88
71.51
76.69
76.91
67.73
58.59
53.61
53.54
55.02
61.98
65.54
64.16
64.83
63.14
61.91
64.62
64.98
63.35
62.43
60.46
35.36
27.12
33.71
32.11
33.52
34.83
35.32
35.1
35.41
34.74
34.84
34.71
34.69
34.1
33.74
33.36
33.19
33.97
34.65
35.24
36.39
33.78
31.4
31.11
30.96
30.41
30.77
30.29
27.64
28.07
22.27
21.54
21.12
22.33
19.78
17.26
16.65
17.89
17.85
19.08
19.05
19.38
19.72
18.9
16.89
17.28
18.45
19.91
19.37
19.37
19.26
19.88
18.81
12.12
8.94
7.01
6.34
9.17
13.42
18
19.07
10.56
9.42
9.24
9.68
11.07
12.4
16.85
15.83
16.87
16.33
16.16
15.47
16.37
17.93
16.41
14.91
15.54
15.83
15.39
15.64
14.82
14.41
15.65
16.59
16.63
18.68
19.87
20.33
20.55
19.37
19.4
12.09
15.49
10.5
10.65
12.64
13.43
13.41
14.15
14.48
14.97
15.75
15.99
13.4
13.95
16.88
15.79
18.35
21.26
23.02
24.08
19.91
20.97
13.71
16.91
15.73
15.76
15.88
19.07
16.85
19.97
18.86
22.39
19.02
21.62
19.08
16.72
18.55
18.3
18.95
22.48
21.7
22.83
20.68
20.04
21.71
22.07
24.04
23.54
25.18
23.22
21.83
23.76
23.53
25.55
25.49
27.94
27.44
25.28
22.91
19.43
12.79
8.72
8.46
9.92
14.12
16.02
15.9
21.87
19.78
15.99
19.47
17.54
17.32
19.89
20.41
18.48
19.86
24.53
28.02
30.1
30.53
29.91
29.7
28.97
30.88
31.58
31.91
33.08
29.55
25.37
18.25
11.09
11.3
19.86
25.87
28.53
26.85
29.46
31.24
30.95
29.51
30.15
29.87
27.08
26.59
29.46
31.22
32.81
30.36
28.23
29.58
30.61
33.16
34.42
32.73
31.58
31.58
31.13
29.46
31.63
37.58
37.43
37.5
37.79
37.33
36.81
37.21
38.67
39.14
39.28
39.11
40.29
41.63
40.85
39.36
40.6
40.98
40.51
39.7
39.1
39.35
38.93
39.65
40.52
40.99
42.35
42.02
41.22
42.1
41.26
42.3
44.05
42.75
36.64
37.34
37.07
38.26
42.81
43.01
42.96
40.2
40.39
39.86
39.97
43.15
42.38
39.63
40.52
40.25
42.1
45.38
28.72
30.08
32
35.36
41.93
44.21
43.5
41.44
35.4
36.16
40.69
42.47
43.24
42.94
41.06
34.46
31.85
32
29.18
30.9
35.18
36.45
36.09
35.8
37.9
39.47
40.76
42.55
42.25
39.47
38.08
37.53
36.73
38.48
40.25
41.26
41.68
42.2
39.31
37.65
38.14
44.25
45.05
45.54
46.29
46.98
46.49
44.71
45.38
44.25
39.94
38.1
35.27
34.49
35.63
36.99
38.98
38.16
37.44
38.9
39.74
39.53
38.15
37.39
38.99
41.04
41.76
41.71
41.52
39.89
39.77
83.3
79.77
76.52
67.84
63.85
67.76
76.8
76.41
75.07
72.21
71.15
70.98
65.12
50.61
47.26
48.56
49.69
43.02
43.37
43.55
48.14
48.28
53.05
52.41
54.56
49.48
46.23
49.37
33.35
43.23
38.96
35.5
34.55
34.88
29.27
30.66
32.19
30.65
32.13
31.33
33.04
34.31
33.48
33.57
33.81
31.28
30.8
30.53
32.19
35
33.69
33.85
33.29
31.73
31.02
29.56
29.75
31.75
33.78
33.24
31.04
25.92
26.79
25.33
22.48
23.7
23.13
23.51
23
23.45
25.16
23.58
22.33
21.52
20.99
17.13
19.63
19.64
21.24
20.15
19.56
18.04
21.93
21.34
21.6
21.73
19.63
20.72
22.48
23.24
23.4
22.62
11.13
14.07
13.09
11.92
12.94
9.67
12.12
12.58
14.6
12.19
9.79
11.07
10.22
8.84
7.86
10.19
9.83
8.21
8.7
9.9
11.93
11.1
12.44
14.26
15.24
15.33
17.29
17.39
17.26
19.37
16.99
12.96
12.08
9.98
13.88
14.29
14.01
12.7
3.91
7.62
10.33
10
10.77
12.46
14.08
14.64
14.47
15.6
14.23
10.58
10.97
11.26
7.03
11.24
12.17
10
10.77
12.85
14.01
14.71
10.57
6.48
10.3
9.65
12.4
4.35
4.19
9.06
8.14
8.91
12.6
13.49
13.34
14.88
16.66
14.48
11.41
14.45
13.33
13.72
12.84
13.24
14.71
8.26
16.19
16.12
16.85
16.69
15.33
18.15
20.65
8.76
10.19
9.47
6.43
12.14
13.37
14.28
14.38
15.76
17.2
20.51
20.93
25.52
26.27
27.72
24.84
23.48
22.93
21.8
24.3
25.14
27.28
29.39
29.15
30.58
30.56
31.79
30.75
27.34
25.98
25.19
16.77
20.85
21.26
20.68
21.92
19.13
20.42
23.45
19.48
18.32
17.21
18.39
22.39
25.18
26.8
25.57
25.62
22.9
24.15
24.5
24.99
27.66
29.35
30.26
31.68
32.54
33.24
32.79
33.64
34.15
38.98
37.96
36.93
36.23
35.79
36.05
36.38
36.86
37.27
38.04
37.85
38.23
37.29
38.79
40.53
40.84
40.84
40.27
38.77
38.22
39.32
41.43
41.93
42.13
42.68
40.7
41.56
41.33
41.22
39.68
39.12
38.34
39.61
42.04
42.43
40.02
41.41
40.27
43.76
41.91
40.78
32.54
29.74
28.77
25.13
25.13
28.55
33.88
32.61
33.43
36.16
29.28
25.44
25.82
26.11
25.66
31
32.23
31.18
27.12
24.73
32.74
36.08
39.56
36.45
31.74
31.73
32.31
33.81
36.68
39.04
40.63
40.73
39.33
31.96
30.62
31.67
36.98
35.71
34.65
34.39
33.4
31.96
33.46
37.25
37.9
36.96
35.81
38.11
37.17
34.35
34.29
44.34
44.81
44.15
41.14
40.12
37.65
34.41
31.21
33.4
36.28
36.96
40.07
40.81
40.62
40.46
41.52
43.14
43.32
42.99
41.61
34.82
31.27
30.82
30.39
32.4
35.01
36.42
35.12
34.49
34.3
64.52
63.6
63.99
65.01
69.39
70.59
72.25
57.74
55.41
48.46
39.39
33.53
36.7
52.45
50.33
51.1
47.12
41.79
33.24
29.89
43.97
46.55
46.83
40.62
37.16
40.73
46.45
41.08
37.66
37.16
37.52
34.52
29.84
35.5
34.46
31.16
32.83
26.33
23.87
29.36
30.22
31.59
30.7
28.31
28.94
22.99
26.64
25.49
23.85
22.87
24.92
25.5
28.74
29.84
30.77
30.54
31.18
27.79
30.25
30.82
30.49
21.37
17.16
15.59
21.15
19.19
20.18
19.16
19.13
19.64
24.1
23.49
20
20.6
20.99
20.98
20.51
20.59
22.71
23
23.09
19.53
21.15
20.78
20.11
20.96
22.2
20.53
19.75
20.99
22.38
23.46
20.15
20.89
20.04
17.9
16.99
17.6
20.35
21.66
19.25
17.98
17.53
18.44
17.95
18.81
19.18
18.92
18.08
17.86
18.68
11.1
7.12
13.83
15.39
16.11
13.85
13.94
11.85
8.06
11.74
12.7
12.84
3.71
7.65
9.83
10
9.92
8.25
9.63
10.29
10.68
10.56
10.22
11.05
12.21
13.45
13.52
13.64
16.03
15.35
15.39
18.87
16.98
17.31
17.16
18.87
19.2
17.1
15.75
16.84
13.33
15.17
16.01
17.31
16.09
17.81
20.31
17.44
18.12
19.95
22.07
23
22.01
23.51
23.65
21.06
23.11
22.12
22.18
19.81
22.39
22.39
23.44
23.32
24.19
25.08
26.23
20.07
22.83
14.77
15.42
13.04
14.46
15.73
17.7
18.58
19.46
16.51
13.85
13.62
16.49
19.13
20.12
20.01
18.29
17.74
18.1
18.55
19.91
22.35
19.97
9.35
15.82
17.07
15.6
9.79
10.08
7.05
10.38
12.17
17.59
8.09
8.02
8.9
9.93
15.67
12.59
13.67
10.78
8.05
3.66
5.14
2.67
3.54
4.06
7.64
8.89
11.55
13.2
11.55
12.3
13.63
16.13
15.86
15.92
17.87
15.59
14.93
18.55
21.31
22.47
24.23
33.61
35.73
37.55
39.46
41.08
41.08
40.74
40.65
39.73
39.32
39.75
39.79
39.37
38.49
29.38
27.27
28.73
34.34
36.73
36.98
31.12
32.37
35.4
36.79
38.01
38.56
40.68
42.76
42.35
41.19
39.66
30.48
26.25
30.64
31.71
36.79
36.57
28.64
30.42
31.77
35.28
38.31
31.92
34.96
41.37
39.45
29.9
28.06
25.4
25.14
25.85
29.1
29.43
28.95
28.04
28.15
28.66
31.86
32.27
28.09
27.89
33.74
34.84
36.91
37.18
34.69
37.05
36.64
33.78
33.33
35.93
38.16
38.32
39.6
38.18
38.1
38.89
32.62
31.1
31.71
30.3
27.94
27.9
28.7
31.06
32.36
33.65
37
36.42
34.88
32.52
31.88
36.51
38.1
36.27
35.59
33.92
37.26
39.71
39.23
39.1
39.77
41.18
40.64
40.08
34.81
31.81
31.77
33.64
34.94
36.47
37.33
36.87
37.36
37.91
34.95
34.87
34.76
37.08
38.8
39.08
37.62
70.48
67.38
65.36
67.24
72.74
75.04
71.47
63.88
66.92
70.94
74.4
72.18
69.35
64.2
59.93
62.47
57.28
57.81
56.36
57.78
53.79
51.7
45.92
45.67
47.65
49.13
48.88
44.65
38.68
40.34
42.77
37.49
34.05
39.33
39.97
38.37
36.24
38.66
39.45
39.54
39.85
40.31
39.02
38.42
35.19
36.72
36.82
37.39
35.51
32.33
20.48
21.57
31.2
30.47
32.57
33.48
33.69
32.01
32.37
31.06
29.75
23.01
21.16
20.56
22.18
24.41
25.04
25.57
23.94
24.7
27.29
24.76
21.93
17.32
15.43
14.1
12.12
15.61
21.4
18.03
19.29
20.3
20.54
18.44
18.07
18.45
19.79
19.16
23.96
26.07
23.46
22.08
16.82
16.15
12.74
12.6
15.22
14.89
9.24
10.43
13.54
13.02
13.98
13.94
11.01
5.93
4.48
7.68
7.7
7.75
9.65
6.7
8.5
8.69
11.76
11.64
10.29
8.57
8.22
6.59
5.97
8.85
7.96
4.34
0.85
2.17
5.4
6.91
2.51
3.27
9.19
11.61
11.26
15.81
16.11
13.64
14.6
15.16
14.77
15.57
15.99
16.75
18.94
18.95
20.61
21.06
19.22
21.1
20.67
20.99
20.39
16.78
18.26
18.15
17.62
16.87
16.53
17.61
18.01
18.51
20.26
22.52
22.1
17.4
17.95
18.83
19.05
16.13
16.25
14.68
14.83
13.03
11.7
11.97
15.87
9.65
7.54
10.64
16.29
8.76
12.9
12
9.15
10.9
12.55
15.95
11.84
13.46
13.46
14.9
17.04
21.27
17.74
21.57
20.64
23.58
25.84
27.9
28.84
29.07
29.25
23.29
26.47
27.64
28.65
27.93
29.54
28.64
31.27
30.66
30.35
31.85
29.32
27.25
21.01
17.54
16.03
19.26
18.72
21.34
22.82
22.77
24.93
25.6
27.19
28.34
28.03
27.51
26.89
26.69
24.59
24.26
24.83
26.91
28.66
29.76
31.35
32.43
28.78
27.65
29.05
31.96
35.63
39.06
40.12
40.41
40.64
39.69
39.14
39.8
39.34
39.16
38.98
39.04
37.28
37.12
38.1
38.8
38.88
38.15
37.45
37.5
37.93
39.33
40.69
41.25
39.84
36.92
36.76
38.04
39.04
39.61
40.32
41.16
41.22
40.92
42.02
43.26
42.76
41.22
41.02
42.1
42.5
42.37
40.25
35.25
42.51
41.95
41.72
43.14
37.17
35.62
38.19
39.61
41.83
39.8
40.75
42.2
43.67
42.35
40.86
39.97
40.18
35.06
40.48
41.94
42.45
41.08
32.67
33.6
35.28
34.29
36.04
37.6
32.57
30.91
32.6
36.3
38.79
38.11
35.2
36.73
39.62
40.44
40.94
41.39
40.29
37.34
32.68
31.95
34.26
36.65
36.73
36.04
36.06
43.15
43.59
43.68
44.48
45.8
45.59
42.88
42.63
41.8
38.87
33.77
35.3
36.67
37.95
37.63
37.47
37.45
36.96
37.58
39.17
40.17
40.9
40.9
39.38
39.11
38.22
37.25
37.19
36.99
34.81
54.85
53.05
43.13
47.57
64.76
62.19
59.29
57.49
51.32
49.59
64.69
62.93
61.31
59.12
59.68
67.84
68.68
64.06
59.43
56.5
54.03
55.76
60.11
59.58
54.95
58.66
58.52
55.9
56.47
58.2
54.99
30.73
29.67
33.21
34.14
35.39
34.96
34.41
34.96
37.87
38.21
37.49
38.25
38.14
36.55
35.74
36.63
37.18
37.32
33.05
34.12
34.88
29.84
25.81
25.32
26.42
24.52
26.48
27.64
27.48
26
22.86
23.21
24.14
21.25
25.77
25.96
25.39
23.39
24.92
25.06
23.31
23.9
22.39
23.19
22.79
22.38
22.51
20.33
19.02
18.83
19.91
20.81
21.4
22.23
25.6
23.87
23.31
20.44
22.83
23.09
23.33
16.98
19.69
18.37
16.55
14.51
11.92
14.6
15.35
8.07
7.99
15.67
11.92
10.29
10.36
12.23
13.21
9.03
7.57
6.47
7.01
8.07
12.34
13.12
11.36
12.66
16.48
17.03
17.97
18.13
16.59
17.43
12.09
13.13
15.35
17.64
16.12
14.72
13.69
14.16
14.99
14.79
12.04
9.78
6.56
13.24
14.43
13.01
13.96
13.84
7.95
10.3
12.86
17.16
19.41
20.1
21.91
21.09
20.81
21.21
11.98
15.5
14.17
15.33
14.2
13.47
14.01
13.08
14.37
13.71
15.48
16.54
17
18.26
19.01
19.72
20.87
21.52
23
17.15
13.99
17.9
18.92
16.56
18.92
20.57
19.19
15.39
15.73
16.03
20.44
18.98
17.46
17.07
20.24
21.87
21.74
19.72
21.86
23.87
24.59
26.44
25.98
26.95
24.74
21.57
20.21
21.67
22.91
24.14
25.75
25.27
26.54
26.73
26.18
26.65
25.58
24.77
26.79
28.67
30.9
20.98
22.08
20.16
16.77
22.45
24.08
19.61
21.6
23.54
16.71
15.37
16.54
12.43
17.83
19.35
17.34
16.47
23.37
22.94
18.98
23.98
23.35
23.65
22.45
21.12
21.92
23.1
24.88
27.66
32.24
34.4
38.81
39.18
39.07
40.08
40.03
40.59
41.07
41.66
42.19
40.01
40.4
39.5
30.99
31.97
38.21
39.56
37.53
37.24
35.95
30.78
33.12
36.59
36.59
35.58
35.31
36.58
39.27
40.37
42.4
41.55
27
24.36
24.52
27.79
29.18
32.21
33.98
35.24
38.27
35.24
28.12
26.75
30.26
34.03
34.96
31.32
26.68
26.04
31.77
35.74
35.46
33.58
26.81
29.12
34.5
31.12
30.61
31.39
32.85
34.47
29.87
33.32
31.49
31.78
33.66
34.15
34.25
37.67
39.83
36.76
35.67
36.28
35.95
39.04
36.7
30.2
29.24
34.42
35.14
34.48
34.12
32.45
30.71
30.04
31.9
32.4
34.7
35.9
34.51
33.32
32.6
33.33
40.62
41.34
40.2
40.33
40.79
41.98
41.31
41.12
40.29
38.5
40.36
41.77
41.76
42.87
41.77
41.8
44.21
39.89
37.62
39.08
33.92
34.06
35.13
38.33
39.31
37.35
36.89
38.14
39.64
39.77
86.47
85.27
75.6
72.32
66.78
47.33
47.89
60.25
62.79
61.09
63.39
63.11
61.91
60.32
57.32
53.75
56.82
60.78
64.41
64.31
58.41
54.03
57.46
57.25
60.49
60.56
45.77
51.53
53.4
51.74
46.09
38.16
38.4
37.92
36.1
34.84
34.64
34.93
31.85
31.63
33.19
33.71
33.42
32.38
31.2
32.06
32.02
30.49
30.37
28.53
26.85
29.61
29.06
30.25
25.42
21.34
21.17
22.39
19.69
19.07
17.92
15.31
16.55
16.25
15.71
16.93
19.37
23.27
25.71
22.17
21.24
22.29
21.64
21.96
21.55
21.58
23.07
25.8
26.19
22.56
21.45
19.05
19.17
21.09
18.92
19.78
20.36
21.27
23.1
22.68
21.93
24.37
18.33
19.48
20.2
17.82
19.51
18.78
19.8
18.41
17.29
19.68
20.95
19.65
18.22
18.49
17.83
17.1
17.49
18.77
18.57
7.7
15.76
17.66
18.37
18.23
18.27
16.52
18.59
18.75
18.71
18.52
17.46
13.03
10.58
7.75
7.63
8.75
11.6
14.36
16.47
16.46
16.19
16.18
16.2
17.1
18
18.16
18.5
19.78
20.45
19.57
17.39
18.96
19.7
20.23
20.82
18.02
20.67
22.05
23.26
23.56
18.04
15.78
18.14
19.11
20.43
18.63
18.51
18.57
17.3
19.41
19.73
20.1
11.95
6.17
8.42
10.71
11.04
9.87
14.11
17.67
19.33
17.55
22.07
18.66
20.74
19.51
20.99
18.92
23.67
20.74
18.92
18.69
17.48
21.18
20.25
19.98
19.2
20.11
23.46
25.24
23.04
24.23
25.04
23.41
20.69
23.36
22.94
21.24
23.19
22.24
20.37
20.56
20.75
25.01
27.9
24.91
26.6
18.85
22.99
23.71
26.47
20.69
22.31
24.67
27.55
29.35
29.1
29.71
31.09
32.56
33.22
34.92
35.99
38.4
38.29
36.84
36.4
34.84
36.02
38.96
40.66
39.48
38.95
35.52
37.15
38.6
38.32
35.8
36.27
34.23
33.69
33.91
36.75
37.38
39.08
37.8
37.85
38.25
36.8
35.57
35.53
36.44
37.28
38.14
38.26
39.13
41.39
41.07
39.61
36.97
31.3
30.59
37.04
39.11
40.85
40.91
37.72
37.46
36.61
36.76
37.59
39.67
41.73
42.64
41.85
40.95
40.11
38.61
38.41
38.12
38.73
42.52
43.32
42.98
42.82
44.27
44.01
40.53
37.62
36
34.3
41.24
42.2
34.94
40.79
42.69
42.35
41.37
39.09
35.13
32.62
37.62
41.53
43.79
39.61
37.9
41.27
41.69
40.31
37.25
38.83
40.8
41.09
37.82
42.05
42.68
31.03
32.23
39.47
41.16
40.35
39.17
38.09
36.17
37.54
41.38
40.53
39.6
38.79
38.73
41.69
35.91
39.53
38.78
45.39
46.3
47.53
48.31
48.66
46.7
35.86
33.11
33.37
30.82
32.49
33.43
35.08
37.76
32.38
32.01
37.35
40.2
39.95
38.38
35.83
36.5
38.53
36.62
34.97
34.3
34.64
36.53
36.01
34.89
50.22
41.61
60.07
65.12
57.81
60.95
63.14
60.95
56.65
52.27
47.08
40.83
43.34
44.93
53.43
53.29
51.32
54.25
52.45
54.32
53.4
53.93
50.61
49.55
50.33
48.46
45.92
43.3
40.76
38.68
40.16
38.13
39.43
38.78
38.08
37.15
36.05
37.61
36.73
37.32
36.18
34.84
34.29
31.11
33.71
33.38
32.71
32.44
31.08
28.15
30.75
31.76
30.66
30.73
31.4
30.72
32.26
32.83
31.28
30.94
30.75
22.94
21.43
23.16
23.82
22.68
22.11
21.52
21.49
21.58
22.05
19.99
18.75
22.95
20.93
22.56
23.54
24.79
26.53
27.81
18.01
17.97
18.26
21.75
24
20.21
16.31
18.17
18.69
19.44
20.39
21.6
17.06
15
15.2
13.78
14.38
15.06
14.07
12.62
12.96
17.4
17.83
18.45
17.76
19.48
18.37
18.24
19.14
18.96
18.92
18.8
16.13
14.26
17.89
18.34
18.35
18.4
17.97
17.65
17.61
17.11
17.09
12.06
12.77
14.21
13.8
13.27
9.89
12.64
12.02
11.5
13.6
12.57
10.54
13.56
14.65
14.6
16.31
16.67
18.1
18.44
15.61
15.83
16.95
17.36
18.55
19.04
18.72
19.73
20.05
14.45
20.09
20.47
10.06
11.66
13.33
12.47
12.97
14.42
15.42
15.38
17.46
17.36
18.09
19.56
18.95
19.84
19.14
20.37
18.66
20.03
21.83
22.52
21.39
21.86
22.8
22.7
21.96
22.64
24
23.1
18.58
20.98
20.02
20.59
18.24
17.28
18.27
20.46
22.13
20.92
20.33
22.68
23.31
22.97
23.61
25.13
26.63
28.31
30.03
31.33
30.48
30.3
29.44
30.16
31.88
32.27
32.1
30.85
33.92
35.15
24.26
28.53
31.24
30.06
27.16
28.67
29.76
24.61
24.72
28.1
28.15
27.95
29.38
28.86
26.77
27.65
27.57
24.89
30.13
32.02
27.54
27.38
31.32
34.29
34.12
34.53
34.67
33.17
32.43
33.55
34.49
38.47
37.74
38.28
37.93
37.27
37.72
38.47
37.2
36.5
36.43
37.5
38.93
40.99
41.89
42.83
43.88
44.58
44.4
44.12
42.14
38.93
38.33
39.46
41.28
42.04
40.39
38.86
32.9
31.51
31.62
31.1
34.26
39.27
39.59
39.82
40.06
40.48
41.3
40.88
41.54
45.7
46.36
44.04
37.26
38.27
44.41
43.24
42.97
44.88
39.38
39.64
35.68
30.77
29.12
30.33
35.36
37.29
32.83
27.21
29.43
33.81
35.48
38.77
38.39
36.55
35.64
31.87
31.43
33.04
37.28
38.11
36.38
35.87
33.44
33.26
32
33.32
33.6
31.8
29.65
30.32
31.89
33.4
36.51
37.67
34.09
32.82
33.24
33.99
34.81
36.36
36.67
42.63
41.58
39.3
35.95
34.71
32.9
34.77
37.1
37.15
37.4
37.18
37.36
37.48
38.8
37.95
37.21
36.96
36.99
37.16
37.92
38.77
37.86
37.81
37.36
38.2
38.51
37.42
38.17
39
39.44
77.86
75.21
74.12
72.49
73.62
79.55
77.79
76.73
77.82
77.01
57.88
45.95
52.59
49.8
48.25
48.88
53.19
58.16
60.32
60.03
60.78
61.98
63.18
63.81
60.74
58.55
49.02
47.61
54.49
52.2
51.46
41.1
41.29
41.93
41.88
41.52
40.47
41.52
41.21
32.11
34.62
38.75
38.9
35.29
40.55
40.59
41.79
42.05
41.22
41.72
39.52
38.66
38.06
37.99
38.04
35.39
32.59
34.09
33.07
31.39
30.47
21.79
22.47
24.79
25.39
24.65
23.43
23.51
23.84
25.36
25.65
24.19
23.39
21.43
21.33
19.02
19.81
22.05
20.14
25.46
22.7
25.24
22.74
19.23
17.88
17.44
16.33
14.91
13.7
14.76
13.85
14.15
8.97
9.65
10.1
9.79
9.14
11.12
13.17
12.99
14.74
15.62
15.93
15.97
15.13
14.92
14.96
17.64
16.08
17.06
16.92
17.07
17.22
16.12
16.81
16.6
14.74
13.89
18.2
15.75
14.38
14.69
11.21
6.86
8.02
8.41
9.43
10.98
13.24
10.42
7.18
11.38
8.95
6.31
6.11
6.98
8.87
10.45
12.53
14.81
8.83
7.86
12.58
11.62
10.97
8.5
9.14
9.13
10.05
12.8
13.52
10.15
10.85
13.43
14.4
13.84
13.18
7.89
14.4
13.46
14.2
14.79
14.64
16.25
16.8
19.75
21.22
22.38
24.55
25.02
23.79
24.15
16.32
24.28
21.16
20.84
22.79
26.18
20.25
23.96
25.11
20
11.49
11.87
11.06
12.89
14.11
15.73
17.16
17.2
17.71
17.75
16.49
17.58
19.76
20.59
25.43
23.44
23.96
26.43
24.56
24.88
28.06
27.98
25.75
22
25.34
27.93
29.55
29.39
31.36
32.7
30.48
31.8
28.97
30.48
29.51
27.51
29.33
22.79
27.6
29.77
27.76
31.6
33.6
35.77
36.87
35.5
34.59
31.82
32.51
34.7
36.1
37.26
40.44
42.25
44.02
44.31
39.59
40.18
41.83
43.31
42.14
40.96
39.45
37.94
37.03
36.48
37.29
40.27
42.13
43.11
44.02
43.03
31.91
31.09
35.13
38.94
40.97
41.25
39.87
39.8
39.84
39.63
39.35
37.81
39.75
38.01
39.38
41.71
42.6
42.58
38.56
38.2
40.55
41.24
39.11
38.6
39.79
38.86
39.08
34.45
37.59
40.43
40
37.52
40.72
43.35
41.43
43.87
44.78
42.44
38.35
42.96
27.46
26.48
30.14
35.69
41.9
39.26
26.85
27.89
31.52
30.73
37.05
36.96
32.38
34.01
38.07
35.3
37.19
36.26
34.15
36.02
36.06
37.4
39.33
32.82
34.21
34.71
35.48
36.76
39.85
39.58
39.56
39.32
39.58
34.86
32.88
35.87
34.19
31.54
29.76
29.97
28.44
33.56
33.69
34.39
37.41
38.27
36.82
34.62
33.07
38.58
39.81
38.1
36.77
36.38
35.96
37.64
37.76
37.37
37.07
36.97
36.8
38.43
38.84
37.62
36.9
38.11
39.62
39.83
39.41
38.63
38.72
81.11
83.12
80.01
75.32
71.08
68.36
65.75
64.31
65.43
67.62
68.54
67.94
64.45
69.49
75.85
73.91
73.16
76.09
76.62
75.81
70.59
60.14
60.07
61.41
62.4
60.95
59.65
55.41
53.79
41.82
47.22
37.1
40.35
41.81
40.24
39.07
40.88
40.53
40.4
39.88
41.1
39.54
40.23
39.23
41.67
42.56
42.37
41.14
38.95
37.9
33.67
29.24
32.21
33.52
32.02
32.88
29.6
29.65
30.96
30.27
30.35
28.35
24
27.07
24.47
17.08
23.04
20.59
21.58
22.82
22.95
23.24
22.11
23.31
20.47
19.87
23
16.51
17.7
17.44
16.18
14.46
16.99
18.83
20.65
22.76
22.02
20.77
19.17
17.89
18.27
18.99
8.7
12.94
17.64
18.95
16.88
14.4
15.78
13.12
16
15.93
13.21
16.2
17.35
16.33
13.57
9.92
13.94
14.88
14.66
13.87
13.63
15.28
17.21
17.57
17.54
17.44
14.52
16.42
17.46
16.34
16.37
9.85
11
12.97
13
11.06
10.42
5.86
9.93
10.1
11.69
5.23
9.73
11.78
10.98
9.63
8.67
2.04
6.07
12.6
12.28
6.54
2.15
5.91
8.35
8.41
4.8
6.91
10.17
7.01
9.78
10.99
12.15
12.26
12.59
13.12
14.54
14.27
15.47
16.96
16.09
12.06
14.09
14.61
15.95
17.43
16
15.57
19.04
19.32
19.64
16.51
14.03
14.8
17.34
18.91
18.64
16.72
16.06
14.39
10.54
12.61
14.36
16.31
15.83
16.97
12.39
17.74
18.2
14.86
17.93
14.67
16.51
18.35
19.08
19.59
20.72
23.16
25.37
25.45
25.73
27.4
28.94
30.26
32.24
29.67
25.36
21.58
22.86
25.37
22.82
24.63
25.21
25.11
27.11
28.64
29.76
23.1
21.13
25.13
25.59
27.44
28.59
29.02
27.07
32.51
31.68
34.29
35.09
32.5
28.73
27.84
28.4
31.43
35.61
38.66
39.07
37.04
35.96
35.38
35.86
40.23
40.59
40.74
40.29
41.58
41.89
42.93
40.94
37.75
37.18
37.26
37.18
37.09
37.93
39.22
39.67
38.36
38.73
40.44
40.6
40.56
39.71
38.13
37.59
39.32
41.26
41.83
40.13
40.21
42.24
44.14
44.91
43.14
43.25
45.3
41.86
40.37
40.59
30.74
29
33.01
35.64
35.73
31.38
32.1
32.62
34.41
39.51
38.82
33.19
27.05
27.82
32
37.95
40.12
39.87
38.98
37.23
36.45
33.62
31.24
37.2
41.35
40.58
40.38
41.09
38.57
32.05
33.52
38.96
40.19
40.25
39.39
38.25
37.86
38.2
39.23
39.8
40.22
40.7
40.72
40.47
39.37
38.42
38.13
39.61
39.47
31.75
31.16
29.58
31.73
36.75
42.14
41.02
41.77
42.95
42.86
41.08
44
44.84
42.34
35.79
35.72
35.36
36.89
38.02
38.87
38.88
38.92
38.33
38.9
39.27
37.61
37.09
37.96
38.16
37.74
37.29
37.37
37.62
36.69
36.39
70.16
69.49
70.31
70.27
69.14
68.61
69.07
69.14
74.58
76.09
76.45
71.68
69.56
71.79
69.99
66.81
67.98
63.92
55.13
54.21
57.6
55.62
56.5
56.75
56.86
59.29
59.12
59.4
59.96
59.65
53.19
40.21
39.47
39.12
39.81
40.48
37.89
38.64
38.59
38.82
39.04
38.14
36.25
35.19
35.34
36.55
38.13
38.32
37.47
35.96
34.93
35.03
34.48
34.67
34.28
32.4
30.27
39.66
31.68
24.9
24.8
21.52
21.99
20.48
20.83
19.31
19.7
20.86
20.45
20.11
20.72
22.54
22.29
22.71
23.67
25.92
24.92
24.41
23.93
22.68
22.41
21.25
17.49
19.75
20.66
20.32
20.11
20.29
17.89
18
17.97
19.5
14.47