11.77
10.95
12.16
12.28
12.62
11.06
8.81
13.95
16.3
14.34
14.31
15.68
14.88
13.86
11.1
15.2
16.5
15.72
14.6
17.39
16.38
15.94
15.58
17.97
17.92
17.2
20.44
21.91
20.21
22.28
21.25
15.91
16.22
19.46
18.21
18.07
15.27
7
6.42
3.69
5.35
6.26
10.23
14.59
16.51
18.71
18.28
12.36
13.83
13.64
11.72
12.97
12.58
8.41
5.54
3.28
9.63
12.8
13.81
11.29
12.08
10.98
13.93
13.55
12.46
9.87
2.48
4.91
6.57
9.17
8.15
10.62
8.53
10.69
11.97
8.01
5.69
5.56
7.52
8.53
12.48
13.46
10.36
13.42
14.08
17.61
12.64
11.29
10.34
12.01
16.92
16.57
10.38
9.9
9.52
12.33
15.29
16.55
15.45
16.28
14.98
14.15
14.45
17.4
18.02
18.56
18
15.12
15.61
16.9
16.02
16.16
16.56
17.59
16.98
16.7
18
16.64
19.01
18.9
12.56
13.43
14.11
13.99
14.13
14.35
14.79
15.47
14.87
11.04
13.37
12.74
13.37
15.28
17.49
14.43
12.89
13.61
16.38
12
14.74
12.87
15.64
15.36
17.56
18.28
19.15
18.47
17.34
17.01
18.65
23.37
21.08
24.65
25.31
32.55
32.99
33.68
35.22
34.78
32.73
33.38
28.72
30.94
30.66
27.75
22.53
29.28
32.62
33.21
33.9
35.05
34.53
35.65
36.11
34.92
32.66
33.14
32.67
31.52
33.59
37.23
38.32
35.98
36.47
34.41
34.53
29.12
32.46
34.52
32.84
36.04
36.72
37.05
37.51
37.36
34.78
33.57
34.86
38.36
40.8
39.89
40.51
35.62
35.69
38.51
38.64
38.71
36.8
35.08
28.6
27.42
35.98
39.22
38.67
38.74
38.86
40.08
39.76
39.03
40.55
40.48
38.1
33.42
35.72
37.47
38.82
38.26
37.42
37.5
36.57
34.87
37.76
38.61
36.38
36.68
36.59
36.89
38.65
38.28
38.08
38.95
38.34
45.3
46.08
46.37
45.95
41.02
43.83
41.39
41.93
44.4
45.63
43.72
44.59
45.85
45.75
45.02
44.19
38.72
38.28
41.24
42.51
43.24
43.23
40.91
36.79
38.58
36.73
35.8
33.42
31.25
34.9
41.85
43.35
42.91
45.43
46.69
37.96
36.18
36.45
33.6
39.41
35.22
38.13
37.7
32.54
31.66
36.62
40.22
38.87
39.56
34.5
30.6
31.83
26.43
34.42
33.59
32.76
32.13
28.42
28.52
30.4
30.66
31.86
33.1
32.13
32.19
35.18
36.6
29.55
31.93
33.02
35.75
34.82
30.84
27.4
28.09
29.87
28.3
27.38
27.74
28.72
30.13
28.23
30.63
28.12
26.81
29.49
26.18
23.57
23.86
24.93
24.45
18.76
18.16
14.86
17.34
17.48
17.78
18.84
17.39
19.19
20.96
23.93
25.35
25.76
25.96
25.38
25.24
25.37
24.33
23.6
25.83
25.22
23.23
24.39
23.94
23.74
21.99
20.67
22.15
22.32
21.19
20.24
16.61
17.56
20.47
13.82
11.69
11.32
12.23
10.45
13.26
16.86
15.44
13.74
12.37
12.21
14.06
11.99
7.31
7.56
9
7.67
6.21
3.32
5.31
9.02
15.12
16.05
17.83
18.73
18.04
19.25
21.85
14.98
14.93
14.35
13.03
10.45
10.88
6.26
7.82
8.55
7.79
9.3
9.06
6.18
10.42
9.78
8.34
8.12
9.66
11.29
11.05
10.09
10.97
11.39
11.02
9.18
14.98
13.83
12.2
9.62
8.13
5.52
10.9
8.08
7.03
6.46
7.86
8.51
5.54
7.72
11.59
13.28
18.06
18.79
19.33
18.03
15.58
18.82
15.25
10.92
10.54
9.38
7.7
0.16
3.37
13.44
14.46
12.7
14.8
16.98
16.56
14.97
15.67
17.73
17.12
17.79
17.71
18.35
16.29
17.23
16.95
16.49
17.09
15.9
16.25
16.74
17
18.21
16.01
13.83
12.04
11.73
14.75
16.28
12.52
14.92
17.16
17.53
17.7
16.53
9.34
8.6
8.71
7.67
7.85
6.48
7.63
5.94
5.97
9.15
8.52
7.96
10
9.26
11.41
11.52
9.33
11.48
13.11
12.5
14.02
11.8
13.62
10.29
10.29
11.26
13.25
13.1
13.72
14.9
11.22
18.01
19.14
21.76
22.07
21.02
20.9
20.12
20.84
21.67
22.38
22.39
22.31
24.02
23.24
23.78
22.24
21.94
23.13
26.47
31.56
31.8
32.33
30.97
31.31
31.52
33.61
34.81
36.42
36.18
34.07
32.41
32.79
33.95
34.49
34.78
35.35
34.89
35.33
35.31
34.86
34.09
33.42
36
35.28
35.62
37.57
35.11
38.57
32.29
36.29
36.53
37.22
34.95
36.9
37.02
36.29
36.74
38
38.67
34.28
30.22
34.69
38.86
37.39
37.82
37.39
36.66
36.84
37.36
37.81
37.44
36.44
37.21
34.83
33.94
35.63
34.19
35.15
35.25
31.45
33.38
32.78
32.59
33.39
35.01
36.49
36.47
35.5
34.64
34.24
35.58
38.05
42.94
42.72
43.49
43.85
43.85
41.74
40.54
35.37
37.11
36.93
39.13
40.17
40.44
41.82
40.24
38.38
36.83
36.71
38.44
37.9
33.87
34.4
35.89
31.74
36.77
34.4
33.13
36.56
37.86
36.24
40.99
40.29
38.52
35.34
32.83
37.18
38.02
38.03
37.35
38.26
38.39
40.07
39.39
39.08
39.76
40.56
41.16
41.63
41.87
41.16
42.62
42.34
39.68
33.89
33.38
30.62
31.11
30.04
29.65
31.33
29.46
30.96
29.07
28.29
28.16
26.45
25.99
27.69
28.99
29.28
28.92
25.65
23.47
24.45
29.18
28.59
31.15
30.78
30.95
30.17
28.51
27.26
27.01
27.27
23.69
25.55
26.87
27.28
27.92
29.8
30.78
26.31
23.29
19.65
20.2
23.67
22.49
25.46
24.81
24.01
23.92
24.74
27.17
24.42
18.73
21.06
21.11
20.11
19.75
18.15
19.25
23.53
17.38
22.42
24.71
22.03
19.98
18.44
16.34
12.7
13.55
14.57
11.36
13.34
9.13
14.44
14.8
14.18
15.93
15.72
13.57
10.37
11.6
14.96
16.79
20.83
19.24
17.28
18.09
16.21
14.08
10.06
8.35
10.76
8.2
8.53
13.13
12.88
10.98
10.98
9.64
5.82
5.07
1.28
3.02
0.8
5.08
5.01
7.5
7.62
6.33
5.85
-0.69
4.27
5.64
11.93
17.56
15.46
16.49
20.03
21.76
20.23
16.11
13.16
9.63
7.57
7.82
8.25
14.3
16.42
11.81
12.77
8.91
8.3
1.92
5.83
2.13
-1.22
2.22
6.65
7.73
6.14
7.84
6.54
17.27
16.09
4.76
7.75
10.51
6.79
11.59
16
16.9
17.63
15.38
15.27
7.32
4.29
8.13
18.88
19.98
19.69
18.64
17.92
16.95
19.47
19.56
18.67
18.87
19.7
19.4
16.48
13.49
15.83
16.65
17.85
16.83
15.49
18.68
18.79
18.93
19.33
20.5
22.79
22.92
23.4
23.78
23.84
24.01
24.5
24.98
25.42
25.22
19.89
20.67
28.17
26.14
21.49
25.32
17.98
23.88
25.06
24.85
25.93
23.64
28.59
28.95
28.29
26.54
26.19
24.89
26.45
27.2
29.27
29.97
31.56
30.31
31.72
34.61
35.37
35.92
30.79
34.52
33.41
31.82
21.25
25.24
28.24
29.5
29.2
27.59
30.37
28.49
32.53
32.28
30.14
31.5
31.66
25.55
33.6
35.34
37.41
38.4
37.77
27.97
28.15
31.05
30.9
31.5
35.01
35.21
34.9
28.53
27.27
29.25
30.15
31.59
32.5
34.42
34.59
35.97
36.11
36.71
34.36
36.95
35.98
38.65
38.45
37.29
33.76
32.13
35.02
35.91
37.74
38.17
37.64
37.96
37.39
36.9
30.13
32.81
35.82
35.17
33.47
33.15
36.42
37.42
38.59
40.82
39.82
40.78
34.35
38.43
38.84
37.98
36.06
35.69
37.96
36.89
35.97
35.38
32
30.84
29.98
31.39
35.27
32.79
35.37
36.89
36.48
35.96
37.19
35.02
34.25
34.24
35.6
41.58
39.24
36.46
37.32
36.11
36.55
39.45
38.38
37.37
36.81
39
39.88
42.09
42.35
41.27
37.12
38.07
38.26
37.78
38.91
39.29
39.02
36.22
38.06
38.2
34.71
37.39
35.81
36.27
35.61
42.8
43.84
44.96
40.11
41.09
34.24
36.19
39.88
38.17
37.9
37.23
36.63
38.76
38.73
39.73
41.2
39.72
33.44
34.26
36.05
35.35
36.33
36.85
36.57
36.36
31.91
30.8
33.5
36.59
37.31
37.79
36.16
33.04
31.33
34.92
34.49
34.19
29.98
27.49
28.21
27.53
26.03
26.89
28.46
29.76
30.26
28.63
28
21.48
23.27
24.78
26.69
28.92
28.81
26.53
27.47
29.37
29.34
27.83
27.21
22.88
19.3
20.09
19.43
18.84
18.92
20.01
21.48
22.67
22.78
19.91
21.62
23.67
24.46
23.47
22.57
21.07
20.44
16.73
20.6
17.8
17.91
17.8
18.96
19.28
16.11
18.39
15.6
14.56
13.02
15.78
19.46
15.93
15.01
15.11
17.78
20.06
19.9
18.35
8.28
7.92
13.05
14.18
14.46
14.87
16.28
14.58
13.41
13.06
14.19
13.39
13.73
13.15
13.22
11.81
5.57
3.18
9.94
8.36
10.45
11.93
15.07
16.98
18.11
21.38
18.43
13.88
16.13
16.01
17.52
16.27
19.96
15.89
12.42
7.14
6.06
12.49
11.48
15.02
20.1
21.4
19.26
15.91
12.29
8.56
11.22
11.86
12.12
5.52
0.89
11.38
13.17
13.82
12.77
10.98
7.9
12.7
14.87
12.03
18.57
19.31
19.3
18.44
18.81
20.11
20.56
19.95
20.29
21.27
20.98
22.59
19.75
20.06
21.18
16.49
18.43
19.22
18.72
14.66
20.13
21.04
22.01
20.31
20.61
19.97
20.9
16.6
19.3
18.35
19.55
16.66
20.07
19.62
19.68
18.91
20.74
18.71
22.47
23.34
24.3
21.32
25.81
22.22
27.67
28.9
29.16
30.43
30.98
29.16
28.54
29.13
25.66
24.01
23.34
24.59
20.45
16.14
18.86
17.95
18.38
20.01
23.08
19.24
23.9
23.4
23.75
16.72
26.18
23.96
22.78
22.01
21.26
18.46
22.23
23.79
20.53
24.52
28.05
28.32
31.09
32.34
32.02
31.62
32.48
27.08
31.67
29.66
34.75
34.45
32.28
26.74
31.2
32.04
33.04
33.55
33.97
35.9
35.12
35.1
35.17
29.54
34.88
36.62
37.31
35.55
37.24
36.83
38.46
39.71
37.68
37.02
29.15
33.71
35.56
36.38
35.97
35.02
36.53
36.09
36.89
36.96
37.8
39.38
42.25
43.6
40.26
35.59
31.69
34.82
34.58
33.64
32.34
37.93
39.1
39.21
36.37
35.51
34.92
37.33
37.77
40.07
38.44
35.65
38.65
37.95
37.38
36.54
37.4
39.59
39.17
39.73
38.59
35.66
35.73
38.8
34.52
36.93
37.47
37.73
38.24
37.72
37.93
37.82
37.74
39.22
39.79
38.97
38.98
39.2
39.41
39.7
41.01
40.57
34.82
39.12
46.29
44.21
44.21
44.5
42.39
42.67
39.06
39.16
39.35
41.07
39.68
39.49
40.82
42.34
43.27
39.42
42.23
42.67
39.8
40.67
41.53
42.92
43.58
38.2
37.48
40.25
41.54
40.64
38.25
38.39
47.63
48.55
44.43
38.5
37.1
34.64
32.88
33.76
37.69
37.32
35.71
37.19
37.49
37.15
33.78
31.72
35.66
37.18
36.13
36.16
37.21
35.94
36.85
35.2
34.66
35.12
33.89
29.59
31.29
31.68
32.84
32.8
32.05
33.58
31.74
29.71
31.7
32.43
32.78
34.32
35.34
36.44
33.18
29.82
31.66
32.31
30.95
30.42
31.62
31.76
32.93
33.93
34.1
30.37
32.17
32.43
34.06
33.18
30.03
34.29
35.99
24.76
25.15
21.85
22.58
21.19
18.18
14.24
17.82
17.64
17.3
17.61
21.26
21.57
16.65
20
23.56
21.61
21.05
20.33
20.01
19.56
18.11
15.88
15.36
16.77
17.41
16.92
18.56
18.65
20.32
20.02
14.68
10.9
11.22
13.18
11.26
12.45
9.97
11.47
10.39
13.17
11.95
15.09
17.4
16.58
20.71
16.17
12.38
10.7
8.39
8.33
9.18
9.77
3.5
-2.14
1.79
7.19
7.83
9
7.94
10.43
12.29
9.54
10.69
13.15
15.5
15.08
16.53
15.08
8.84
6.18
3.12
9.18
-2.61
-2.39
5.34
7.38
6.28
6.21
-0.96
-7.25
-5.41
-4.59
0.15
9.13
16.92
17.06
16.34
16.72
15.94
7.66
4.22
5.7
1.92
0.03
5.23
1.84
7.55
10.74
10.29
14.2
11.81
10.62
12.43
2.95
4.98
6.7
8.26
10.72
12.97
16.54
17.23
14.98
17.76
16.49
15.83
13.61
16.6
17.7
17.36
14.31
7.95
14.96
16.62
16.78
17.03
17.49
16.61
17.42
18.18
18.19
18.43
18.81
19.11
18.85
18.65
18.92
17.07
16.29
17.26
17.39
18.08
18.25
17.62
17.49
16.7
17.15
16.52
18.1
16.56
17.26
11.89
10.89
10.19
11.67
10.99
12.62
8.13
10.14
13.89
13.52
13.3
16.09
16.36
14.46
10.45
13.48
8.05
11.82
14.15
14.03
13.99
15.69
17.45
16.07
16.1
14.13
15.8
16.14
16.5
16.99
18.38
29.39
27.02
25.59
27.99
29.36
30.93
31.77
31.89
30.15
31.9
35.05
34.9
34.29
35.35
34.81
36.42
38.02
38.88
40.48
39.91
37.54
38.12
38.68
40.53
41.07
38.23
37.54
37.14
37.97
40.45
40.3
40.82
39.34
40
39.95
37.35
31.19
29.36
33.65
36.76
38.77
39.97
40.39
40.74
37.76
39.44
40.25
41.09
39.75
37.57
31.9
35.42
34.46
35.13
36.53
37.24
37.56
35.89
35.48
34.96
37.86
39.43
40.53
38.65
37.88
38.69
38.71
40.6
41.73
38.95
40.74
37.81
34.62
36.41
38.72
35.78
34.78
32.86
33.68
36.85
38.82
40.06
40.41
37.34
34.6
31.6
33.97
37.9
37.11
38.2
39.36
37.06
40.47
41.57
39.7
39.65
39.56
37.65
37.67
40.86
42.83
38.52
36.36
36.88
37.2
37.56
36.66
36.09
35.67
37.61
35.31
35.91
34.59
36.71
37.5
36.87
31.72
33.7
33.64
34.01
31.3
35.09
39.31
39.51
41.33
43.13
41.61
40.9
39.15
36.69
34.67
35.49
28.14
35.12
37.78
36.92
37.56
33.38
30.18
34.82
35
36.19
36.97
35.41
38.35
35.93
29.79
29.62
31.93
32.46
35.48
37.1
35.43
29.65
35.91
35.91
33.18
32.35
32.91
33.99
29.26
25.53
23.7
22.68
23.5
23.8
29.06
27.54
26.96
27.99
28.47
28.3
30.58
31.48
31.59
30.8
28.72
29.18
26.2
24.56
24.9
22.43
23.44
17.51
18.46
17
19.71
20.32
20.02
19.35
19.5
17.37
17.23
17.78
16.41
15.36
15.69
18.8
21.62
18.5
21.62
21.06
20.69
20.74
22.34
19.24
13
12.64
13.24
11.36
13.54
14.07
16.36
17.42
13.49
13.08
11.04
11.8
8.31
10.64
10.58
12.24
13.08
11.24
16.42
20.43
18.68
20.66
23.13
22.32
16.65
10.76
18.52
18.37
14.58
16.43
12.27
10.98
12.73
12.68
15.16
15.7
17.44
16.17
17.74
11.5
10.26
5.64
11.45
11.93
12.97
14.76
13.68
9.39
11.7
12.24
14.26
18.36
18.88
19.08
13.03
12.08
19.91
19.19
16.25
12.65
14.12
11.72
12.77
15.51
14.14
14.31
12.75
7.9
9.31
8.73
10.33
8.33
3.42
11.09
4.49
2.19
14.31
15.24
11.58
14.84
16.34
14.29
14.33
13.15
14.06
13.37
14.62
9.87
14.04
13.32
16.87
17.39
18.48
19.44
21.13
18.43
14
5.54
11.81
12.29
14.97
17.2
14.08
17.55
18.59
18.63
16.86
16.83
18.32
16.94
17.82
19.15
18.07
20.62
22.17
22.98
22.2
22.75
21.59
22.3
21.65
20.68
20.35
21.34
21.18
20.76
21.58
19.29
9.99
13.08
12.89
13.7
14.4
13.22
11.27
12.66
14.73
11.51
12.45
18.35
9.94
17.98
21.23
21.98
23.67
24.63
25.78
28.03
28.24
29.25
26.62
24.66
23.85
24.48
26.47
26.55
29.39
30.95
33.64
35.13
37.07
36.82
36.27
33.63
31.49
31.58
29.63
28.6
30.15
32.13
34.36
35.76
30.03
23.85
23.27
32.07
31.9
34.11
34.23
34.32
33.74
34.93
34.48
27.66
34.82
36.73
37.69
40.14
39.42
38.76
38.25
34.73
32.85
36.5
37.07
32.19
36
38.78
37.88
36.25
36.67
32.8
36.95
37.71
39.45
37.1
34.4
31.98
34.39
33.35
37.62
35.52
29.46
35.07
38.03
38.37
33.21
34.75
35.22
34.63
36.91
37.26
35.41
34.2
37.52
35.09
36.71
33.61
36.19
37.38
37.67
36.11
36.52
36.65
37.82
38.34
36.21
37.53
37.31
35.08
34.36
33.11
37.05
34.25
34.11
34.34
35.67
35.87
36.17
37.9
37.18
40.96
40.08
36.04
34.9
36.26
38.12
41.14
41.56
41.69
41.89
38.59
34.46
36.42
35.52
36.82
35.52
39.44
41.43
40.23
38.61
41.46
44.26
44.8
44.06
40.88
41.79
41.56
42.72
42.67
42.96
48.62
44.65
48.84
47.84
44.79
40.88
40.75
39.32
38.58
37.92
36.76
38.57
36.36
34.11
39.03
38.21
36.05
37.47
34.26
33.73
32.25
35.34
37.09
35.65
35.39
36.37
38.85
38.08
37.24
34.01
30.12
29.41
24.93
25.63
27.58
29.39
29.57
27.92
26
31.7
32.51
31.65
30.34
26.29
25.57
25.04
24.06
24.87
23.33
23.83
22
23.39
26.91
27.28
28.23
28.53
27.04
30.72
29.62
28.46
31.08
25.51
24.75
24.05
20.7
21.21
24.01
22.76
20.75
19.28
21.03
17.51
15.04
16.11
13.84
14.6
20.11
19.33
23.06
24.15
21.2
13.24
12.74
13.41
15.52
17.83
17.01
19.44
19.97
21.23
20.58
16.77
14.26
16.47
16.13
13.06
12.05
11.67
13.47
14.38
10.38
15.58
17.51
16.46
19.14
16.91
18.51
19.06
16.12
17.88
17.55
19.53
18.48
16.66
16.71
15.21
17.14
16.73
16.7
16.22
18.47
18.09
17.06
12.22
10.64
9.64
17.38
13.97
15.58
15.45
14.42
13.23
14.43
18.78
13.47
14.23
13.42
11.27
8.55
10.28
10.76
9.85
14.12
15.86
19.75
16.27
21.14
20.65
19.51
18.52
14.26
18.04
9.64
10.49
9.26
10.49
11.23
6.48
15.53
12.66
11.23
9.22
10.33
10.58
8.24
7.1
10.07
12.23
12.84
18.24
17.07
18.01
12.5
14.42
17.43
19.6
19.95
17.83
19.88
20.66
20.76
17.47
19.24
17.57
17.74
18.32
19.87
20.52
20.87
21.37
21.26
21.67
22.24
21.06
20.23
19.54
19.88
19.64
20.12
20.45
24.78
25.25
26.88
27.4
28.65
22.28
23.68
23.42
24.53
22.95
19.92
20.47
21.51
15.7
16.73
19.83
17.43
22.83
24.7
23.11
25.63
13.14
19.57
18.17
21.94
21.81
17.43
23.1
22.44
21.35
25.62
25.58
26.59
26.08
20.09
22.16
19.24
26.63
26.06
29.75
29.68
30.28
31.75
31.75
32.73
31.58
34.27
33.22
31.5
27.43
31.58
30.49
30.22
30.71
32.65
34.87
35.45
34.15
33.96
33.74
35.59
33.57
32.51
33.7
32.97
35.31
28.71
28.21
31.14
26.53
29.8
28.47
32.83
31.91
35.62
34.97
34.23
33.87
32.44
33.49
34.97
36.09
39.69
40.66
40.24
37.07
38.57
37.76
41.18
36.68
37.72
40.56
43.35
40.69
32.86
36.72
37.58
37.9
35.83
35.78
36.16
36.36
37.42
35.7
37.14
37.7
38.55
38.83
38.99
37.85
37.26
39.34
38.4
39.51
39.47
39.93
40.43
38.85
34
37.34
37.38
38.9
38.97
39.42
40.77
40.24
40.27
38.47
33.19
35.08
38.57
38.01
33.81
36.19
36.97
37.72
43.08
46.13
47.36
48.28
47.75
44.73
42.67
41.3
39.09
38.28
39.02
38.53
39.65
40.49
40.77
41.5
40.92
38.58
38.13
40.88
42.78
42.31
39.01
41.21
41.28
40.69
38.48
37.57
33.88
33.94
38.37
42.51
45.16
45.56
43.61
39.35
36.36
37.91
35.63
37.86
36.34
34.35
33.12
36.6
38.32
39.42
39.88
38.04
37.13
35.33
34.48
35.39
35.59
33.33
34.15
31.15
30.3
30.43
33.16
34.52
35.42
34.88
36.63
35.38
28.31
29.25
29.8
30.84
29.47
28.2
30.03
30.4
31.47
31.9
30.83
29.36
28.24
27.73
22.74
24.94
25.56
26.57
26.92
28.84
31.06
30.77
26
29.1
30.56
29.55
28.12
21.38
19.57
21.17
16.78
18.09
19.1
19.2
19.35
17.5
21.16
20.3
14.93
16.97
16.36
20.32
23.74
16.06
20.2
20.55
18.84
22.62
19.09
19.83
18.52
16.02
13.1
9.67
9.45
8.86
13.13
14.33
11.06
15.16
13.29
13
9.69
9.41
11.3
7.94
7.96
8.43
8.97
7.88
12.74
12.56
9.62
9.52
12.34
13.09
16.28
11.85
13.41
14.27
15.89
19.33
17.94
18.31
19.53
18.59
20.05
19.37
19.5
14.47
8.29
-0.17
9.27
12.32
11.41
10.33
9.32
11.79
3.48
3.07
9.08
8.12
9.78
13.45
14.76
14
9.87
18.79
17.71
17.2
16.58
17.04
18.28
17.2
17.57
20.56
20.89
17.7
17.77
19.17
12.92
12.59
13.55
15.82
15.85
17.27
17.61
16.63
17.66
18.44
25.55
23.94
24.24
21.49
16.92
17.1
14.35
10.4
12.17
9.04
12.26
17.95
14.37
12.1
3.33
4.85
2.22
5.76
15.32
18.12
21.96
23.03
26.19
27.79
27.35
27.4
27.86
28.06
28.05
29.14
29.64
29.06
28.68
29.59
28.87
29.12
25.58
27.26
25.33
27.23
23.07
23.42
21.95
21.85
16.9
19.97
21.8
24.89
19.39
21.52
21.04
18.38
23.74
22.38
20.52
20.86
22.93
25.51
25.99
25.92
29.43
26.19
25.87
23.78
22.66
23.89
26.8
25.04
23.11
16.03
16.9
17.43
25.34
28.69
30.09
35.3
37.41
35.15
29.06
30.54
28.15
29.55
30.96
33.49
35.61
36.23
37.71
38.88
39.43
28.91
28.78
34.06
34.24
35.89
38.62
39.57
36.45
31.34
33.04
31.61
34.1
37.08
37.84
35.25
33.02
32.52
25.89
25.57
27.69
34.45
33.58
29.86
33.25
34.79
36.71
35.6
35.78
27.76
27.31
33.72
35.15
34.73
34.83
37.88
37.35
38.7
35.47
35.26
37.77
36.88
36.52
38.31
38.04
38.81
37.51
37.31
36.41
37.85
38.38
36.39
38.58
38.26
38.22
39.28
40.24
41.65
39.64
40.89
40.53
39.95
38.55
36.17
35.5
37.21
36.21
36.91
37.49
38.24
38.34
39.54
39.24
39.51
39.02
39.41
36.9
38.92
38.49
38.68
38.38
37.38
32.54
36.92
41.31
40.86
40.13
41.97
42.38
42.89
43.22
41.7
41.58
41.73
42.26
41.96
41.89
41.83
39.4
37.79
38.46
40.16
40.5
40.46
41.21
43.35
43.55
41.02
42.58
39.63
39.4
40.6
41.89
44.77
40.92
43.71
40.29
41.85
40.47
38.26
37.31
41.05
39.98
38.36
39.33
40.1
40.36
40.51
40.79
39.94
34.32
30.57
32.56
36.1
33.9
33.33
33.77
31.34
31.74
30.04
29.23
29.92
29.83
30.23
30.72
31.5
33.95
33.11
32.56
32.4
31.59
30.1
30.53
30.13
31.07
31.54
32.3
30.92
30.76
30.41
28.46
29.05
28.87
29.64
30.96
30.84
32.01
32.16
27.85
27.06
23.13
22.86
22.55
25.06
23.21
23.49
23.66
23.85
24.94
24.2
18
20.79
23.72
25.94
22.35
17.15
17.5
21.51
26.08
25.43
15.66
17.94
18.42
17.96
18.71
19.2
18.41
17.56
13.91
11.41
14.39
19.73
17.38
20.56
19.03
14.88
15.82
15.03
14.72
17.35
18.04
15.77
17.64
18.07
15.07
15.43
10.59
14.64
14.99
14.93
13.55
13.63
14.73
15.37
16.02
18.4
20.33
22.57
22.69
22.54
19.87
18.49
14.27
15.33
13.11
12.97
11.63
13.85
11.21
13.23
10.19
11.77
10.85
11.93
18
14.66
16.08
17.23
15.03
12.01
7.58
6.12
2.52
4
3.77
2.54
5.68
9.06
15.65
11.81
12.63
14.23
11.38
14.05
10.43
11.58
8.2
10.04
5.61
5.65
8.35
9.42
9.13
9.64
11.43
14.6
17.09
18.15
19.75
19.8
19.64
19.39
19.51
16.45
16.65
17.09
17.41
15.89
17.83
18.39
16.63
16.63
17.39
18.81
19.66
16.14
16.62
15.89
16.06
16.54
16.45
15.73
16.08
15.96
15.87
16.1
16.57
16.4
16.87
17.41
18.02
18.8
18.71
18.73
16.57
16.86
17.76
18
17.55
18.38
18.76
18.09
18.07
18.31
18.08
10.9
11.15
11.56
12.63
10.03
13.28
12.3
13.43
12.91
13.63
14.61
12.28
13.72
13.51
27.03
26.72
21.55
24.59
26.45
22.88
25.74
27.94
28.73
29.76
29.81
30.64
28.91
30.95
29.94
30.97
31.05
32.52
33.29
34.74
36.19
37.26
38.6
38.21
36.2
36.21
35.82
35.54
32.5
34.64
34.93
32.25
32.51
31.76
37.14
39.68
40.3
40.98
40.18
38.04
39.09
41.88
43.12
43.83
41.27
38.41
34.47
35.13
34.08
36.19
36.06
38.83
39.46
30.91
35.3
37.27
37.87
38.75
37.8
37.21
34.99
36.28
34.72
34.94
35.84
35.2
35.55
38.23
39.89
41.56
38.51
35.49
38.99
35.4
38.53
41.66
37.57
39.04
40.22
42.79
41.99
40.57
39.94
39.61
40.21
40.04
36.15
38.75
39.53
38.73
37.17
36.8
37.78
35.87
39.24
39.89
38.04
39.38
39.3
38.6
38.34
37.98
39.04
39.8
40.17
40.33
38.99
32.42
31.64
39.7
39.78
41.18
42.26
40.64
37.89
37.2
38.41
41.29
41.21
41.13
41.42
41.42
40.33
40.3
39.5
39.96
41.49
39.15
37.45
37.85
39.1
39.76
40.2
39.89
38.28
38.14
39.08
39.54
38.74
42.97
37.44
43.04
43.74
42.73
41.55
44.84
44.18
44.78
44.38
42.3
42.77
41.46
41.25
41.23
40.2
41.11
41.29
41.68
41.29
37.99
29.86
30.02
29.47
31.21
32.1
32.83
35.82
35.42
35.53
37.23
34.79
32.21
33.82
35.47
36.22
34.3
33.17
33.08
32.71
34.57
36.4
33.96
33.84
33.14
31.04
33.29
34.38
34.21
34.45
33.9
32.08
31.27
32.9
33.7
31.42
27.83
28.69
29.32
29.02
29.48
25.13
23.35
23.21
21.89
22.92
15.92
16.62
19.44
21.28
22.98
24.69
24.57
25.57
25.24
21.26
22.25
22.12
19.7
19.66
19.11
24.55
23.67
22.64
18.42
18.59
20.3
19.38
17.57
14.57
13.34
15.56
11.59
13.41
12.84
8.02
6.36
6.73
8.72
8.89
4.56
5.09
11.18
13.55
13.89
11.79
11.43
10.8
8.37
7.17
6.95
9.78
8.57
7.92
6.82
7.37
9.01
13.46
17.02
17.74
18.69
19.14
19.58
12.42
11.22
7.52
7.45
9.33
9.13
7.38
7.86
6.3
5.95
7.12
10.19
6.83
7.98
5.37
4.77
5.63
9.44
8.6
9.92
8.32
7.43
0.48
0.79
2.64
13.04
14.35
13.54
9.67
9.2
8.97
3.58
11.94
6.7
8.11
8.59
6.95
9.44
9.85
7.73
0.54
9.49
7.55
11.45
11.39
11.61
11.12
9.18
7.61
3.76
3.64
7.97
14.35
16.43
17.16
17.63
19.6
20.22
20.06
18.77
18.61
18.31
17.28
16.59
16.7
17.39
17.1
16.36
16.9
15.97
16.7
17.03
16.45
16.9
16.06
17.67
16.96
18.41
18.34
18.69
18.79
18.95
19.04
19.05
19.71
20.65
21.02
19.95
20.52
12.82
12.56
11.47
11.78
12.47
11.52
12.3
12.92
9.92
11.1
10.79
11.66
13.24
13.04
16.76
17.4
16.81
16.92
16.35
16.8
17.24
18.12
17.01
18.45
19.86
20.53
20.09
17.65
18.39
26.55
28.17
30.77
31.81
32.68
33.58
33.81
33.23
34.76
34.8
32.42
29.17
30.94
30.39
30.3
28.94
31.47
30.58
35.07
36.41
37.49
37.95
38.73
39.68
37.49
27.99
25.01
33.19
33.62
28.63
33.9
34.32
33.03
35.64
29.31
32.32
33.54
35.07
37.22
37.49
38.04
36.89
37.29
38.07
40.44
36.96
36.69
36.01
32.76
37.05
38.43
39.33
36.97
36.15
35.37
37.33
38.59
38.26
40.9
41.35
38.29
40.33
41.77
41.58
41.05
41.71
39.31
37.4
36.95
40.28
40.24
39.39
39.76
40.81
41.37
40.09
39.43
37.18
37.16
35.76
32.14
31.98
36.62
35.48
34.88
34.93
37.1
39.6
39.49
39.24
38.65
39.09
39.49
40.18
47.16
44.75
44.7
43.5
43.44
41.68
36.74
38.58
36.7
36.85
38.79
41.62
40.68
40.04
36.98
35.08
34.93
35.61
37.29
36.55
37.26
36.88
38.18
36.89
35.31
33.42
33.42
32.81
35.36
34.82
41.66
42.45
42.76
43.32
42.35
44.57
45.36
42.35
44.27
43.95
43.26
43.34
43.19
41.3
41.93
40.89
35.53
34.17
40.38
39.23
38.64
39.66
41.86
36.98
33.7
31.83
35.27
37.23
33.66
36.87
39.59
42.03
40.37
35.93
37.24
40.46
36.15
36.2
30.15
31.79
31.27
30.19
29.21
27.78
30.11
30.6
32.69
30.36
28.7
26.77
29.08
32.16
31.51
32.24
31.99
30.73
25.95
26.54
27.84
27.49
27.18
22.51
22.57
21.46
19.67
19.35
20.28
18.02
20.42
19.18
20.32
19.34
22.79
24.11
24.51
22.73
17.96
19.61
18.38
21.65
24.08
21.57
19.55
22.24
21.42
21.07
20.37
16.57
18.01
18.62
16.15
20.91
16.29
13.7
10.63
9.91
13.02
14.89
13.63
16.7
22.6
19.01
15.19
13.47
13.59
9.2
12.11
11.26
10.41
11.68
14.16
12.21
11.35
10.71
10.61
7.9
19.33
18.39
14.1
15.4
16.02
20.43
22.84
19.55
17.47
15.89
14.48
16.34
19.81
20.08
21.92
20.85
20.3
20.71
19.89
18.29
13.81
11.34
11.84
11.17
10.91
17.26
16.66
12
15.58
15.27
18.86
18.35
18.72
20.82
22.45
22.88
19.69
20.18
18.64
19.53
20.84
19.31
20.51
20.69
20.4
18.41
20.55
21.47
21.07
22.54
22.45
26.15
23.57
25.13
22.81
19.19
19.02
19.42
21
20.33
20.62
20.08
20.51
21.65
23.16
22.14
25
20.12
20.65
18.52
17.04
19.31
20.11
19.32
20.27
21.04
21.78
24.95
26.47
27.91
26.05
24.57
21.03
24.39
28.29
28.8
28.7
28.74
31.6
28.94
28.3
28.08
27.41
31.44
28.63
26.42
30.08
28.09
28.2
28.05
29.17
26
25.81
26.37
27.8
29.31
23.15
22.82
15.07
24.25
24.44
25.49
22.85
20.64
21.71
22.63
23.96
26.74
26.52
27.32
27.51
30.91
28.7
27.18
26.92
30.03
30.36
30.98
29.72
25.9
32.36
33.41
34.68
35.66
36.34
36.2
37.85
39.6
39.11
39.64
39.55
39.21
39.22
39.42
39.08
38.99
38.81
37.79
36.61
33.98
37.33
38.02
38.28
39.98
39.81
38.98
37.42
32.42
37.15
39.63
38.75
38.35
34.77
31.32
36.69
37.95
37.54
36.37
38
39.15
38.73
38.76
38.27
38.04
40.07
39.21
38.2
38.26
39.09
38.31
40.08
39.97
34.68
29.67
34.57
36.52
36.76
37.76
38.43
36.71
37.95
36.22
35.48
35.2
39.11
41.35
40.21
38.55
38.51
36.13
36.85
36.76
34.51
34.96
35.23
34.5
37.1
39.01
39.34
35.32
35.45
32.46
30.66
32.77
36.64
37.55
38.6
39.02
34.61
35.65
42.58
40.14
39.58
39.07
38
38.75
41.13
41.83
41.1
40.88
35.43
37.18
38.7
40.38
40.92
41.87
41.93
37.76
36.63
39.09
39.39
41.74
42.76
40.36
36.17
35.94
36.74
33.17
34.47
35.43
38.08
36.7
35.53
35.76
36.51
38.21
39.35
39.75
38.75
38.84
39.33
39.48
40.52
41
38.79
32.05
29.63
29.72
31.44
32.05
33
33.11
31.26
29.58
32.36
38.08
38.79
37.95
35.88
34.89
34.36
33.81
35.23
37.6
36.58
37.25
29.06
28.76
29.06
29.47
28.62
30.22
28.77
30.19
31.96
32.01
31.22
30.86
29.29
28.47
26.92
26.74
28.47
28.4
26.81
30.47
29.23
30.52
30.23
30.84
25.83
21.12
23.96
23.25
20.46
19.55
19.53
17.85
18.06
18.24
20.69
22.44
19.46
22.24
23.21
20.61
21.84
17.71
17.46
17.64
19.33
16.36
11.04
9.96
13.87
19.56
21.25
20.51
21.49
20.44
19.25
18.3
16.29
15.32
20.09
21.57
19.67
16.58
16.2
16.77
15.31
15.31
13.01
15.85
17.63
15.94
12.76
12.49
11.14
13.57
16.35
16.32
16.25
16.5
16.2
15.24
16.39
16.04
17.11
16.99
17.26
20.46
21.25
20.13
18.28
18.19
12.49
15.34
14.69
15.94
14.69
12.7
15.91
16.63
10.24
15.69
16.73
12.56
14.67
17.13
14.16
15.2
15.79
15.03
11.26
10.83
9.9
10.24
14.4
9.56
8.12
7.48
7.7
4.43
6.79
8.97
7.68
9.31
10.47
9.07
6.68
7.35
7.93
11.05
12.01
12.03
14.82
13.59
12.59
12.92
8.71
9.26
10.16
12.01
16.41
14.89
17.28
16.31
20.78
18.21
11.52
2.66
8.35
8.76
10.72
14.25
16.97
17.3
19.24
18.79
14.28
15.14
15.66
15.87
12.47
12.74
15.48
16.53
17.2
17.98
18.24
18.65
18.56
16.49
19.22
19.02
18.31
18.95
18.59
19.85
18.76
20.07
13.4
14.32
11.89
10.4
10.62
13.17
14.65
15.07
16.24
15.35
13.52
15.98
12
13.52
15.61
11.58
13.52
14.87
16.28
17.47
17.13
17.99
18.8
19.72
21.24
32.17
33.74
32.42
32.19
29.81
21.81
30.16
31.03
29.27
24.54
25.86
27.06
27.32
29.88
32.01
33.28
34.69
35
34.26
26.66
34.3
24.64
31.83
34.07
34.67
34.68
35.12
36.34
37.44
34.07
37.58
38.85
38.58
31.33
34.76
29.71
29.2
33.06
34.73
35.78
36.47
36.12
36.07
35.7
35.23
34.79
35.04
35.55
35.38
35.11
29.06
28.55
35.31
38.15
39.93
36.05
36.69
33.01
33.07
33.47
33.63
39.48
33.58
35.7
34.38
32.77
34.11
35.96
34.76
33.9
37.19
39.55
39.37
40.69
38.22
35.88
36.71
37.01
36
37.3
39.7
40.33
41.12
41.35
41.27
40.8
39.13
37.44
36.71
37.32
35.64
38.03
38.35
40.17
40.81
41.5
41.62
41.12
47.03
47.71
45.93
44.59
43.55
38.13
36.66
39.33
39.98
42.01
43.13
42.61
40.99
41.08
40.81
40.2
40.78
39.13
37.8
37.86
36.53
36.15
37.07
38.66
39.54
38.14
34.29
33.68
34.54
30.65
33.56
31.88
31.98
35.44
37.49
36.64
30.23
28.89
32.99
34.55
35.99
35.22
35.15
36.01
38.69
38.87
36.76
36.02
37.66
33.38
36.14
33.12
33.93
35.16
35.57
36.22
37.15
37.19
38.57
37.95
38.75
34.15
30.31
32.21
31.47
33.81
33.17
32.47
32.07
32.79
32.56
30.68
30.47
26.99
27.26
28.67
26.25
25.4
27.54
27.99
28.68
30.32
28.99
25.38
25.5
23.9
24.71
24.71
24
24.72
24.86
26.4
25.42
22.28
19.85
18.09
16.57
15.05
17.85
18.55
16.74
20.7
20.34
19.87
19.57
19.38
18.78
18.52
19.05
21.37
17.52
19.24
22.32
15.06
16.7
17.02
15.5
15.59
17.33
18.94
19.28
23.42
18.88
16.55
15.24
14.81
16.71
19.44
17.5
11.89
13.01
15.8
14.42
16.53
15.15
15.8
14.71
15.16
11.69
12.52
-2.12
1.56
8.57
11.51
16.12
15.84
14.51
13.19
12.21
15.11
13.74
15.19
14.2
12.42
17.85
15.81
12.03
11.22
13.8
8.42
7.22
6.9
4.55
7.05
5.08
8.73
6
9.44
9.47
13.97
10.36
5.87
5.94
5.66
10.67
6.49
6.59
16.84
15.31
22.14
22.89
20.29
19.73
18.32
15.38
14.66
18.64
19.31
21.29
17.65
18.17
17.3
14.57
6.75
14.37
15.04
14.93
7.77
8.64
10.31
7.43
14.87
15.4
17.23
17.41
17.47
18.75
19.89
19.48
19.66
21.51
21.6
19.27
20.28
19.4
19.36
16.95
19.11
21.63
23.51
20.98
24.53
24.84
22.86
24.21
24.35
22.16
20.64
22.17
25.07
16.66
21.43
24.1
22.85
22.65
22.58
24.37
23.57
23.53
23.49
23.04
22.94
13.85
14.87
19.64
22.48
23.86
27.98
27.2
30.36
31.05
33.08
25.4
24.48
28.55
30.12
30.38
29.28
33.8
36.03
37.52
38.62
36.78
34.61
26.36
26.85
33.15
32.97
34.55
33.86
36.36
36.93
37.48
37
36.18
37.12
37.76
37.72
37.38
38.02
36.67
27.41
33.22
32.25
30.85
34.44
37.71
38.99
37.58
36.7
36.81
37.4
36.44
33.71
33.44
34.16
35.08
36.08
36.08
35.41
36.19
36.72
36.43
37.04
38.09
39.8
40.28
41.2
39.85
39.73
40.12
31.29
35.88
32.76
31.24
31.93
34.97
37.03
34.92
34.72
36.9
38.6
40.38
38.87
38.65
37.97
30.57
30.68
34.79
37.04
36.38
34.66
35.34
34.96
38.53
35.96
37.79
35.92
37.63
37.51
37.05
39.34
39.41
38.9
38.87
39.72
38.51
38.69
36.97
36.03
37.44
37.47
37.94
39.51
38.13
38.54
38.38
37.8
38.26
37.62
36.79
35.49
33.79
31.53
29.27
35.29
37.1
39.09
38.82
39.03
37.95
37.46
39.29
38.65
37.7
38
39.29
41.29
42.3
40.11
40.4
37.86
39.73
38.61
35.29
36.51
35.9
35.56
36.09
37.34
38.12
37.7
34.79
34.87
36.87
41.41
42.18
42.77
44.87
42.08
41.52
42.53
42.19
42.69
43
42.89
42.89
40.71
38.8
38.55
38.99
38.37
38.66
33.08
29.81
29.81
31.07
32.87
26.13
28.45
30.4
31.74
31.84
31.51
30.3
30.01
29.75
29.61
30.03
30.5
31.64
32.12
31.61
31.64
31.37
30.58
26.93
25.73
24.21
26.51
26.27
25.17
21.32
21.55
18.63
21.25
20.46
20.94
23.93
25.4
29.31
30.68
28.71
27.42
27.11
27.26
19.84
23.35
26.02
26.3
27.8
28.36
27.89
25.03
20.01
21.52
24.14
22.75
21.46
20.66
20.91
21.92
17.91
15.55
17.11
18.48
20.44
19.83
17.6
16.2
17.6
17.29
18.71
21.69
23.08
22.2
21.8
20.17
18.01
15.21
15.78
15.44
17.1
19.16
16.89
15.6
16.97
16.87
16.25
17.94
18.97
14.38
12.21
9.52
4.66
4.72
11.32
13.42
15.13
16.04
17.16
16.81
15.84
16.17
13.42
12.13
14.96
13.53
8.27
5.49
5.54
5.64
8.8
8.37
12.92
15.93
14.48
13.35
7.74
6.59
6.86
8.89
8.13
10.18
6.66
4.55
6.3
8.99
4.36
6.85
7.12
7.33
10.24
16.22
19.62
21.23
19.35
16
17.95
18.32
19.44
21.05
21.33
16.31
20.04
15.96
20.02
4.27
-0.08
3.31
4.14
7.61
12.9
17.23
12.95
16.22
17.05
16.54
15.44
17.19
8.37
14.08
16.7
17.27
12.41
13.13
16
13.85
17.33
17.31
18.21
18.95
19.38
19.61
19.31
21.06
19.59
19.1
19.22
19.38
18.7
19.23
20.31
21.81
22.28
22.29
20.38
20.65
20.06
21.51
20.08
22.22
23.19
23.91
24.13
24.64
28.53
17.34
17.6
27.07
23.22
24.34
24.37
26.43
25.47
25.89
27.68
27.24
24.93
28.73
24.07
23.9
24.07
25.28
23.15
24.12
22.94
25.21
27.32
28.83
29.28
26.35
26.93
32.53
31.36
29.66
27.11
30.13
34.06
33.15
34.2
30
28.32
33.81
34.12
35.06
35.58
32.41
36.56
38.35
36.13
35.53
35.15
38.46
40.5
39.64
37.42
39.05
36.7
39.47
38.91
29.04
36.54
32.69
32.26
38.97
39.54
41.57
40.63
38.84
40.26
36.58
37.48
36
36.64
37.05
36.28
36.95
36.72
38.95
37.74
38.51
39.35
37.92
40.27
40.26
35.83
35.3
36.19
34.82
38.11
36.22
39.15
39.33
36.9
35.44
37.11
37.73
40.29
41.27
35.1
36.97
37.88
37.42
36.71
37.95
32.52
34.42
36
34.91
34.04
34.23
37.98
37.78
38.09
37.36
35.38
34.71
35.86
36.51
37.32
37.2
39.02
39.43
37.41
37.74
36.8
37.72
36.47
33.65
38.96
41.4
39.63
39.56
39.77
41.69
42.83
42.69
39.71
40.63
42.07
43.53
44.44
44.97
44.09
43.99
41.96
41.24
35.15
37.89
39.42
40.64
38.41
39.73
40.94
40.16
39.59
39.73
39.54
38.93
43.17
41.79
37.65
38.94
42.53
37.44
29.47
32.53
36.73
39.37
33.93
35.82
40.36
40.89
40.94
41.39
41.87
41.74
42.02
43.06
41.54
41.22
37.66
35.8
33.97
36.49
36.99
35.33
35.15
32.61
35.41
34.36
28.78
28.41
28.24
30.06
31.41
32.66
33.53
31.22
29.93
31.01
32.71
32.15
32.38
31.7
31.27
29.79
29.06
30.02
30.26
30.3
30.94
28.98
26.3
24.81
27.39
27.51
29.28
30.92
31.56
23.25
23.94
24.43
25.84
23.89
21.89
21.76
23.48
24.87
21.7
19.44
18.37
15.98
17.77
20.55
19.16
19.46
17.1
19.82
15.21
19.52
21.23
18.66
16.88
17.37
17.55
16.96
15.7
13.68
14.61
16.23
13.33
14.89
15.86
13.7
13.46
15.93
11.88
11.1
9.28
8.83
8.93
7.27
6.52
5.85
6.65
9.83
10.26
4.79
6.95
11.3
13.11
12.54
13.43
9.18
10.19
14.3
14.85
6.44
5.56
3.12
1.95
-8.48
-2.59
1.66
2.31
3.45
5.18
3.24
3.79
8.17
9.9
11.48
9.95
9.7
10
5.03
-3.45
5.18
7.15
9.45
14.47
11.51
14.09
14.36
20.85
19.75
20.92
12.2
12.68
12.51
16.87
19.53
21.38
20.8
20.46
20.33
17.68
18.03
16
17.21
18.37
20.42
22.43
22.03
19.8
14.86
19.69
15.67
15.27
16.02
19.6
20.06
19.88
23.57
23.81
22
21.91
25.11
24.39
24.7
24.55
19.23
20.34
19.12
18.65
19.76
21.28
22.09
23.26
21.72
22.99
19.85
18.59
16.83
18.47
19.16
19.26
21.05
19.62
20.49
20.16
18.93
19.95
19.68
17.57
19.84
21.17
22.82
23.45
24.29
24.07
20.76
15.17
17.03
23.67
18.32
25.49
26.88
29.12
32.41
32.57
30.14
29.03
27.28
23.53
26.18
26.21
26.48
25.78
28.11
26.08
27.85
27.36
28.77
30.66
27.51
27.48
30.29
31.43
27.91
31.75
28.57
32.51
33.39
33.69
32.65
34.42
35.54
35.82
27.98
26.6
30.06
32.3
30.98
24.77
25.84
27.72
31.14
34.44
37.14
34.69
36.44
36.49
35.04
35.57
36.1
31.36
22.95
24.8
27.36
25.96
26.61
29.14
35.49
35.78
34.35
33.92
37.21
33.07
36.82
34.77
30.06
34.72
34.23
35.14
36.06
38.44
37.66
33.87
37.74
37.9
36.28
37.84
35.79
37.7
38.4
38.99
37.23
33.94
34.1
33.58
35.53
36.46
36.33
37.72
36.57
37.84
37.82
38.72
38.78
37.84
36.28
38.37
38.87
38.26
38.57
39.7
39.59
39.45
39.83
35.77
37.96
37.58
33.9
35.49
36.03
34.09
33.08
32.39
33.55
35.11
35.37
32.99
32.23
40.87
41
42.67
44.46
44.82
44.94
45.85
43.82
41.44
41.14
42.67
41.78
37.51
37.33
37.01
37.75
35.7
34.55
34.77
33.53
34.41
37.48
38.39
37.06
36.33
33.33
32.39
34.29
37.71
37.48
45.19
43.68
37.15
34.39
37.09
37.62
38.14
33.2
34.96
38.67
34.37
34.89
38
35.9
38.55
37.65
39.54
38.03
37.54
38.01
34.08
34.5
37.68
38.5
38.35
34.24
30.55
30.66
32.68
33.08
33.79
33.5
32
30.46
28.76
31.71
32.11
30.08
30.48
30.87
30.62
32.05
30.78
27.08
26.18
29.78
29.69
29.52
31.3
32.34
32.58
32.02
33.4
32.54
27.05
27.74
26.91
25.77
27.94
25.35
25.41
24.3
21.2
21.83
23.52
23.37
25.75
24.11
23.76
22.64
21.26
19.89
21.53
20.76
19.98
20.41
21.11
22.02
23.83
23.88
21.6
20.69
20.42
17.2
18.96
19.5
18.74
19.87
21.24
16.43
13.7
14.64
9.6
13.82
12.5
9.1
7.52
6.62
12.92
15.01
19.17
20.17
17.95
15.96
16.17
15.17
16.59
14.55
14.8
15.68
15.12
14.76
15.13
15.69
14.3
15.15
14.97
11.03
14.32
13.38
12.16
11.83
14.83
15.77
16.85
11.12
5.92
4.91
4.34
6.95
9.45
9.42
8.6
11.96
17.61
14.64
12.41
17.01
19.63
17.04
13.81
18.86
19.62
18.9
13.28
14.69
13.68
10.57
20.34
12.63
15.17
18.43
17.68
16.54
18.99
17.92
14.96
14.4
15.49
17.72
17.95
18.57
16.12
10.16
17.25
17.88
18.39
14.87
19.08
20.95
21.18
20.98
22.32
22.32
23.99
23.07
21.14
19.79
21.11
23.63
23.59
24.48
18.41
19.17
22.52
20.31
18.1
22.31
23.91
25.26
25.9
24.78
17.91
24.43
24.68
25.82
23.58
25.91
27.23
26.27
26.13
28.35
27.39
25.78
25.7
25.5
23.43
28.44
28.68
29.66
28.06
25.88
25.59
27.31
27.85
28.35
29.86
29.81
29.54
30.49
28.66
15.8
21.86
16.03
18.41
19.91
17.86
21.79
22.25
20.7
25.67
23.03
17.99
25.71
26.74
29.81
29.66
29.03
29.16
30.39
28.65
28.94
29.75
29.95
32.37
34.52
37.05
36.92
37.74
37.9
34.04
30.25
30.63
31.67
33.24
33.22
31.71
33.55
36.24
39.4
40.01
40.94
39.23
37.4
34.5
34.88
35.81
34.21
29.35
30.71
35.94
36.83
36.47
38.74
38.59
35.63
29.66
32.59
35.47
38.12
40.78
41.17
41.75
43.64
42.47
40.05
38.46
37.72
37.25
38.73
41.12
42.67
42.57
39.68
40.74
35.83
34.1
37.71
39.09
39.54
37.84
36.4
36.84
38.73
40.58
40.63
40.24
39.54
39.32
40.14
38.45
39.01
39.67
39.82
38.61
40.98
41.13
41.41
40.68
37.78
33.56
33.39
33.07
32.85
35.78
36.52
37.58
39.09
39.35
37.71
37.92
40.49
41.54
40.89
38.81
45.66
42.48
40.6
41.19
43.06
42.33
42.75
42.61
41.76
42.36
42.86
42.53
42.64
43.65
44.45
42.13
37.32
40.17
41.6
42.43
43.2
43.27
43.75
43.12
40.76
37.4
35.31
34.5
33.6
34.94
42.52
40.6
40.78
37.67
38.89
41
41.18
38.78
33.77
34.37
33.58
32.45
34.3
36.66
38.94
39.89
38.15
39.81
38.53
39.21
31.68
35.99
36.09
36.48
35.33
35.76
35.01
34.14
34.16
32.23
28.95
30.5
34.4
27.47
33.93
32.95
34.28
35.13
33.97
28.92
28.86
29.52
29.44
28.97
25.72
26.59
26.49
25.89
28.72
27.23
27.04
28.82
29.25
30.6
30.16
28.64
29.21
28.7
25.91
24.91
24.7
21.56
23.84
25.08
21.02
20.75
13.83
18.12
17.96
15.29
16.84
20.42
21.76
22.51
23.79
15.73
15.05
15.21
17.03
25.46
25.98
27.8
25.76
22.4
19.71
19.92
19.1
20.98
20.1
20.42
22.15
22.32
20.05
19.9
18.27
8.81
9.54
11.06
12
14.56
15.15
11.99
12.07
10.9
11.69
9.06
5.36
10.54
13.58
10.74
9.21
9.61
9.91
7.68
7.83
7.34
7.52
6.26
8.51
8.41
8.99
8.88
7.39
2.85
6.42
12.6
7.17
6.14
8.03
6.19
3.21
7.03
5.44
3.88
12.85
11.81
7.96
6.54
9.03
9.82
6.49
10.83
14.66
14.02
14.64
13.44
11.98
9.28
10.07
10.31
18.35
12.88
14.22
15.71
18.05
19.35
17.39
18.24
18.46
17.81
17.18
16.9
12.43
8.31
3.08
5
9.17
14.51
12.16
14.02
15.25
13.77
4.38
0.27
3
2.82
3.93
8.6
11.36
13.5
15.91
12.77
15.68
17.07
16.01
15.77
16.36
15.45
13.74
11.32
12.35
16.37
12.72
9.49
12.47
16.79
17.25
17.75
17.37
15.1
14.66
17.04
17.96
16.92
17.73
16.31
15.23
17.4
16.63
18.54
19.3
18.42
12.39
11.93
9.92
11.26
10.01
13.76
11.3
12.26
12.96
12.67
12.76
13.76
15.51
16.58
14.44
15.24
16.02
15.98
16.69
16.14
16.1
17.61
19
15.85
16.92
18.64
19.17
20.65
25.34
25.76
23.52
26.8
28.5
28.48
29.26
30.48
30.94
32.62
34.45
36.79
38.46
38.68
39.08
40.05
39.94
39.9
39.19
39.38
38.57
39.51
39.5
39.93
40.66
41.35
39.62
33.96
34.3
33.36
31.22
32.99
32.57
34.19
34.34
37.43
31.18
30.78
35.39
35.55
34.14
37.52
36.09
30.35
33.72
35.5
36.56
37.26
36.37
32.33
29.56
30.31
37.05
35.55
34.81
33.57
36.24
33.49
30.58
34.15
35.42
32.12
33.62
35.33
34.34
34.82
36.78
39.06
38.42
37.36
38.7
38.7
37.86
39.21
38.39
36.5
37.69
38.69
40.01
41.06
37.42
35.75
37.69
39.59
38.75
37.78
38.51
38.24
37.34
36.92
37.19
38.67
38.96
38.03
36.24
43.38
43.68
44.63
45.47
45.44
43.14
43.21
44.93
41.91
39.32
38.66
36.32
37.01
38.16
39.27
35.72
39.69
38.55
37.84
36.88
37.71
37.95
38.08
34.56
36.78
34.89
34.48
35.48
36.66
34.67
37.11
35.85
34.96
34.86
38.51
38.89
39.91
40.2
40.38
40.21
39.08
37.97
37.73
38.51
39.68
39.44
40.2
36.15
29.95
29.94
30.62
29.89
29.12
28.58
29.03
29.69
30.08
29.96
30.45
29.88
29.43
25.22
23.8
27.06
25.89
23.78
23.08
26.51
28.29
28.76
28.14
27.5
27.7
27.43
25.73
25.58
25.67
26.37
26.36
26.13
29.48
30.31
30.17
32.13
32.94
32.35
26.87
24.49
28.14
26.26
25.72
18.83
21.08
23.08
22.26
16.1
13.24
11.88
12.98
13.18
14.28
15.41
15.29
15.29
15.86
14.68
15.09
14.7
15.88
16.5
16.62
17.73
24.31
22.56
18.14
18.76
22.92
23.7
19.87
15.73
17.14
17.32
10.58
12.66
13.05
10.33
9.56
13.05
12.5
9.93
7.84
8.72
9.82
7.46
7.59
8.35
6.57
10.68
13.57
10.49
10.41
9.78
10.45
12.08
11.91
14.23
13.49
14.52
14.63
14.47
11.04
11.03
16.29
12.15
9.18
8.72
8.03
8.68
12.12
16.17
14.52
8.39
12.7
13.81
16.84
18.4
12.25
13.09
14
13.15
4.44
5.18
7.52
8.65
9.97
12.63
14.54
15.87
15.27
16.65
16.8
12.81
13.44
14.35
16.49
11.45
11.92
14.04
11.63
9.89
11.05
7.86
11.63
15.07
12.68
15.13
16.11
15.74
16.14
16.8
16.96
17.1
17.38
18.34
16.22
18.95
16.87
16.65
15.94
17.65
17.05
19.3
17.67
17.36
16.57
18.28
17.83
16.86
15.41
16.68
14.26
14.25
15.73
16.38
17.49
14.39
15.08
17.05
17.75
18.88
18.75
16.91
17.82
18.76
16.75
16.62
19.37
19.33
20.38
17.65
19.53
20.67
14.69
11.69
14.48
16.55
17.91
17.68
18.05
17.91
16.83
15.85
17.05
17.1
14.39
19.27
18.64
15.77
16.47
16.99
16.92
15.84
17.9
23.53
24.89
27.5
25.97
28.66
30.99
30.73
31.98
29.31
28.79
31.47
31.65
29.86
30.06
31.07
32.55
33.82
35.87
36.31
35.12
37.14
36.61
33.41
34.84
33.46
33.72
34.53
35.74
34.79
35.17
34.71
33.74
36.49
35.49
32.13
36.08
37.78
39.6
39.54
37.85
37.62
37.76
37.77
38.1
38.42
38.2
37.28
37.37
37.93
38.1
33.99
34.64
36.61
39.42
40.8
42.73
41.63
35.57
29.95
27.48
34.09
33.57
33.18
33.59
33.43
35.98
33.76
36.24
36.49
38.89
39.8
40.61
39.56
35.9
33.77
30.96
34.34
36.57
36.53
35.84
35.6
38.53
39.73
38.73
39.26
39.67
40.73
37.89
37.34
38.17
39.72
40.92
39.34
35.74
31.84
35.38
35.71
37.11
36.69
35.86
34.91
32.14
37.1
37.06
41.06
40.59
40.35
41.16
41.54
41.41
41.08
40.73
40.25
40.38
40.26
40.06
38.95
37.78
38.43
39.23
38.35
38.92
37.72
39.09
38.57
38.25
38.06
39.53
39.97
40.74
39.85
38.91
44.5
43.1
41.93
37.49
36.69
36.78
37.7
38.28
39.04
36.96
35.65
35.58
35.47
35.79
37.49
38.18
37.62
37.07
36.11
37.08
37.03
34.97
32.9
27.16
29.74
29.86
30.94
31.72
30.4
29.94
30.27
30.09
30.38
29.84
29.12
29.95
30.05
27.98
28.15
30.34
29.39
26.34
26.22
28.16
27.61
26.05
26.95
25.24
22.65
25.51
23.88
23.31
27.13
26.68
30.65
30.52
28
23.23
22.65
25.19
23.89
20.73
21.32
21.65
18.89
19.96
24.17
22.64
19.83
20.56
22.47
21.99
19.71
19.61
19.44
18.05
16.64
16.47
16.91
17.98
20.41
22.92
22.8
23.46
24.48
22.17
19.88
19.55
18.98
17.21
16.7
17.3
16.09
16.85
10.92
9.86
11.08
9.13
7.29
8.04
8.52
14.2
6.1
15.89
15.7
14.46
12.33
7.82
7.6
7.21
14.99
16.95
12.72
10.55
11.24
14.4
16.24
14.7
13.31
12.9
12.6
11.11
8.85
5.82
6.06
8.73
7.24
5.35
2.19
-0.76
-1.32
0.56
4.24
3.02
4.17
0.15
3.17
3.84
4.34
4.68
5.61
6.62
9.39
14.33
15.08
14.21
13.49
17.08
20.05
18.62
16.44
14.07
10.16
14.4
17.41
19.93
17.97
13.1
18.95
16.67
16.96
15.76
19.68
18.23
10.51
13.57
18.99
20.58
18.32
18.93
21.36
16.72
19.17
21.02
19.84
17.92
19.98
19.98
20.56
21.56
15.38
14.67
15.49
16.81
17.72
18.38
19.33
20.05
17.22
18.64
20.83
22.31
22.17
19.79
21.8
21.5
21.72
22.39
22.49
22.84
21.5
20.15
20.1
22.21
20.52
21.56
21.71
22.76
21.08
23.88
23.56
22.83
21.74
13.78
18.23
16.43
13.48
20.76
22.68
24.23
21.53
21.63
23.42
25.43
25.67
29.07
24.93
21.04
20.24
15.85
15.85
23.79
24.03
20.89
22.29
23.95
27.66
28.36
26.5
27.92
29.73
29.22
28.31
29.17
32.59
33.74
34.38
33.71
34.45
33.61
34.99
29.8
27.41
33.57
31.9
30.45
25.33
33.11
31.02
33.03
33.2
34.68
36.38
36.49
36.41
36.29
32.59
34.51
32.1
26.83
33.31
35.19
34.19
35.19
35.08
36.36
37.62
39.15
39.83
38.08
40.37
41.07
40.27
41.53
42.88
42.95
43.01
36.27
39
38.9
37.36
38.22
37.81
36.1
38.24
40.45
37.44
38.45
38.63
38.98
32.25
38.59
38
37.7
33.64
38.73
39.38
39.66
40.16
39.2
36.67
38.59
38.85
39.05
39.48
35.21
33.1
36.8
37.61
38.61
38.9
41.09
41.28
36.63
35.77
37.34
38.42
35.01
37.13
36.44
34.46
34.96
34.66
35.04
36.86
37.01
41.33
43.75
44.41
45.93
46.56
46.29
43.61
40.19
38.74
38
38.19
39.32
34.78
37.33
36.6
36.13
38.75
39.22
39.59
39.37
39.71
40.25
40.72
40.48
37.81
36.54
35.92
36.1
36.6
37.1
43.78
43.54
34.43
38.84
38.97
38.7
39.21
40.47
40.35
39.04
39.35
39.87
39.29
38.8
35.64
34.87
30.07
34.72
38.68
33.69
38.48
37.76
39.12
40.67
40.92
39.29
40.12
38.47
38.46
38.36
35.22
31.7
28.97
31.17
29.54
26.25
29.13
28.05
30.53
34.09
34.99
28.29
26.69
28.24
27.2
28.47
28.78
30.33
32.4
32.69
33.36
34.55
32.95
30.44
28.14
30.41
32.1
33.08
29.79
30.52
31.57
24.85
27.66
26.58
25.44
25.6
23.89
25.11
22.85
25.07
26.56
30.08
27.43
26.48
25.53
24.85
25.78
29.17
28.85
27.03
28.11
21.38
17.29
16.93
17
19.32
17.38
15.18
12.25
11.98
13.09
11.43
6.42
8.65
9.42
8.39
13.47
9.85
18.37
17.97
16.28
16.26
11.64
10.21
10.27
5.61
7.5
8.03
11.26
11.53
14.28
15.08
16.91
18.9
20.23
16.78
15.77
15.62
13.78
15.17
13.77
14.06
18.64
15.43
16.92
16.17
14.43
19.1
12.42
13.09
8.06
18.79
16.15
14.28
16.25
15.17
12
10.93
11.41
6.55
9.45
10.98
10.36
11.34
10.23
11.41
10.73
13.18
15.12
15.43
11.22
8.13
9.31
10.02
10.78
12.75
16.9
16.36
12.54
10.85
12.64
14.2
11.47
13.62
15.89
14.48
13.33
13.24
16.81
14.08
14.64
14.29
12.95
12.19
11.41
14.06
15.6
17.56
18.28
19.37
20.55
19.59
17.96
17.44
16.68
18.42
17.78
17.19
19.26
19.59
17.91
19.52
19.15
19
19.9
17.7
18.72
20.01
18.49
18.28
20.39
19.81
18.06
18.1
19.23
19.86
19.78
23.92
27.32
27.97
28.5
28.59
20.11
25.15
15.16
16.13
13.72
17.19
21.12
20.2
19.67
14.84
21.48
24.18
19.39
27.81
26.33
26.56
24.63
24.34
22.82
25.55
25.14
21.52
25.44
24.97
27.76
30.38
30.38
26.85
29.81
28.96
31.05
32.34
31.15
31.74
35.38
36.78
37.08
37.5
36.71
36.33
36.45
34.07
35.26
33.74
32.15
32.75
35.04
36.24
36.91
39.58
39.03
37.01
39.33
39.46
40.36
42.31
43.2
40.47
36.69
36.09
30.61
33.57
29.4
30.41
31.63
33.5
33.65
30.94
29.73
29.29
29.07
30
27.93
33.41
35.69
32.91
38.16
38.89
38.49
38.64
39.21
40.71
39.72
37.15
32.46
35.82
36.53
35.13
34.95
34.69
31.34
36.01
37.78
38.47
39.36
37.5
37.96
34.9
35.78
35.71
36.4
36.62
37.04
37.29
36.13
39.6
39.39
37.08
37.38
38.62
37.65
35.88
33.38
33.88
32.19
34.82
37.15
37.47
36.28
36.05
35.39
34.12
33.56
37.07
36.71
37.92
35.51
36.74
36.99
36.78
38.63
38.69
35.48
38.77
34.9
35.23
38.22
39.29
38.08
37.44
38.69
38.93
35.94
34.67
33.24
33.86
35.27
35.58
38.61
41.43
41.43
41.01
38.13
42.95
43.15
43.83
43.98
43.7
41.3
43.08
41.12
37
35.15
31.62
34.57
34.79
35.71
34.47
37.19
37.32
36.33
38.28
33.49
31.79
28.27
25.19
29.36
31.67
31.81
32.15
32.95
34.38
34.92
35.82
34.76
34.13
31.7
34.05
33.89
34.73
33.09
30.83
29.91
30.32
32.43
32.97
32.96
31.56
29.01
28.24
27
26.16
25.66
26.25
28.66
29.57
29.37
29.57
28.48
27.89
28.98
29.91
29.38
28.53
24.06
21.93
21.33
21.24
19.78
21.05
21.67
24.01
23.48
24.03
23.67
26.83
22.85
21.49
23.15
20.42
20.51
18.12
16.51
14.7
17.84
22.2
18.56
15.02
12.55
16.69
20.29
23.46
23.75
21.23
17.65
16.04
17.6
16.71
20.7
19.29
14.35
9.91
9.26
9.05
8.27
11.92
14.06
14.84
17.09
18.65
19.91
19.74
18.33
19.69
19.24
21.87
21.41
20.23
20.17
18.11
16.58
16.81
18.03
17.58
19.53
18.79
12.13
11.82
9.44
9.3
12.48
9.87
9.88
13.44
10.74
19.51
22.11
20.1
18.16
18.69
21.8
21.99
20.97
23.19
20.41
14.62
17.44
19.82
17.35
13.49
8.65
13.11
14.83
13.28
8.53
10.54
13.41
15.56
13.64
12.84
11.81
10.72
15.54
14.55
14.93
13.8
9.35
7.7
8.59
11.47
14.11
15
16.47
18.92
21.02
18.32
25.04
26.02
28.18
28.92
29.86
31.49
32.85
32.51
25.46
16.41
21.41
22.69
24.21
24.33
24.5
24.34
22.89
17.06
26.05
27.54
29.41
29.96
30.46
29.29
28.73
28.44
29.4
30.61
33.93
34.37
31.35
32.47
31.49
27.15
23.05
22.77
22.18
21.19
22.55
19.43
19.82
18.97
12.67
9.77
18.75
16.42
19.08
19.16
21.63
22.09
23.56
23.64
22.33
26.81
25.21
26.91
26.21
28.24
28.16
24.51
23.4
24.91
25.89
27.15
26.18
29.42
31.16
33.63
33.89
34.37
35.31
34.81
34.62
36.79
38.7
40.19
41.49
31.71
32.74
27.84
26.76
24.81
22.4
29.63
27.98
32.77
31.95
33.13
33.64
33.37
33.8
35.06
35.7
37.13
37.96
40.43
41.13
39.81
37.93
35.42
29.1
33.77
34.04
31.28
29.85
32.93
34.88
36.69
36.62
37.55
37.92
40.33
37.21
32.93
30.9
34.78
35.63
33.62
34.22
37.5
40.92
36.75
36.69
35.65
37.05
38.68
34.58
41.15
42.26
42.14
40.61
39.72
38.2
36.6
33.45
38.22
39.18
39.21
39.36
41.05
38.6
37.69
37.84
37.7
39.15
40.72
40.99
39.89
40.57
40.38
41.55
39.43
42.2
42.92
41.99
41.09
39.72
41.51
40.2
36.76
38.57
39.22
45.04
41.16
45.4
45.04
42.66
39.21
36.55
36.73
39.35
37.67
38.42
39.1
38.9
36.33
35.89
36.79
37.96
39.23
38.3
37.29
37.44
36.35
33.06
35.4
34.49
35.13
32.1
32.58
33.45
36.22
41.06
40.33
40.31
41.35
40.96
41.72
41.12
41.05
35.96
29.89
30.55
30.95
38.81
41.06
38.44
37.63
35.7
36.31
36.55
36.23
31.06
29.67
29.36
29.49
26.72
29.67
30.74
31.35
31.02
29.21
29.43
29.53
29.34
29.24
31.76
31.73
31.8
32.3
31.23
30.64
29.25
28.54
27.34
26.89
29.38
27.53
25.09
25.15
25.65
27.16
30.8
30
28.58
26.2
24.27
24.74
24.01
22.23
22.35
23.49
25.07
22.87
23.58
20.78
21.57
21.12
21.39
24.6
23.01
21.52
23.15
20.69
21.35
20.97
18.21
16.92
6.64
12.64
17.36
20.93
18.84
17.6
18.94
19.85
18.55
14.51
13.47
17.3
16.14
15.23
13.65
18.1
18.57
19.3
19.2
18.04
20.82
15.43
14.22
15.09
13.73
14.32
12.61
13.22
15.47
11.68
11.89
10.21
11.06
10.74
9.18
7.26
7.78
7.83
8.56
10.83
11.24
10.02
10.11
4.2
-1.23
-1.64
-0.67
2.95
11.5
17.4
16.77
16.41
9.56
8.37
5.83
4.68
9.18
10.71
11.39
8.41
12.97
12.37
14
19.67
20.08
18.86
16.9
22.69
6.69
7.21
7.02
8.29
9.82
7.36
11.22
16.49
17.09
18.53
19.91
18.81
16.67
11.48
13.35
12.74
13.79
15.6
16.61
17.57
11.83
10.34
10.74
11.85
11.81
7.41
6.23
7.68
9.55
12.14
12.52
14.11
16.67
16.98
18.79
16.94
18.5
16.99
18.68
19.28
16.75
16.89
16.64
16.92
17.05
16.76
16.84
18.04
17.31
19.06
19.37
17.87
19.45
20.97
19.75
18.07
20.88
21.66
21.91
22.03
18.49
18.1
20.03
22
22.45
22.96
22.82
22.5
15.47
16.39
16.68
15.42
16.07
13.24
10.75
12.8
13.74
19.35
21.66
21.53
23.03
23.15
23.07
24.7
24.43
24.73
25.84
26.21
24.8
18.46
25.12
19.12
25.99
23.58
24.18
25.63
16.71
21.56
25.92
30.77
27.36
33.87
33
25.67
33.08
34.86
36.09
36.3
36.15
37.73
38.19
39.43
38.71
39.14
39
38.27
35.55
35.55
37.58
36.47
38.91
41.06
35.1
37.07
38.22
35.95
38.64
38.27
37.12
39.69
37.84
35.96
37.21
38.58
39.44
37.64
34.11
31.66
31.59
27.72
30.69
34.22
32.06
36.54
38.35
37.9
37.03
38.11
39
38.01
36.86
36.57
38.58
38.47
37.76
36.24
35.96
38.18
40.89
39.83
41.12
40.62
41.32
41.4
40.99
40.93
42.66
39.66
41.71
38.78
38.8
37.95
32.93
32.69
33.67
33.54
34
35.69
35.38
35.64
36.69
37.61
39.1
40.16
37.94
37.9
35.88
36.3
35.88
35.65
35.91
42.58
42.76
43.88
42.63
39.43
38.19
40.17
41.13
40.84
41.65
42.36
42.06
41.7
40.36
42.25
42.38
42.2
42.95
42.69
42.57
41.18
39.72
40.28
39.12
40.75
40.93
41.08
36.24
38.06
34.98
37.92
34.14
35.45
33.94
34.55
29.69
30.32
29.86
29.78
29.99
32.88
33.78
33.65
33.26
34.41
34.37
34.83
34.74
34.05
32.99
29.74
29.67
28.59
30.81
31.51
32.22
32.42
32.8
31.31
33.27
32.1
29.07
31.57
31.94
31.51
32.74
31.78
32.26
30.94
30.61
31.61
33.08
32.48
32.12
31.23
32.59
31.27
31.46
33.67
34.88
34.67
31.82
32.46
31.06
28.61
25.43
28.32
29.62
31.37
29.99
29.33
19.82
22.55
24.33
25.83
26.04
21.43
16.19
18.51
21.43
21.85
23.51
23.6
21.33
22.62
20.98
20.96
23.62
25.52
21.39
15.65
14.27
19.29
22.67
19.89
19.73
17.68
17.77
18.05
16.36
15.47
16.15
11.26
13.41
13.43
13.45
14.59
14.67
9.97
10.84
18.6
18.16
24.12
23.74
23.46
16.78
11.99
15.94
16.04
16.28
15.62
14.14
12.88
14.51
16.28
14.89
16.09
16.82
20.55
18.63
16.28
17.16
18.63
13.93
12.99
7.81
9.49
7.19
8.79
18.64
13.06
13.78
11.24
-2.75
0.05
7.74
5.61
10.48
9.08
8.55
13.3
11.38
13.68
20.68
18.02
17.2
17.44
18.9
20.3
16.25
15.58
13.28
14.93
17.95
18.57
20.31
19.15
15.29
10.85
10.92
10.96
13.57
13.86
8.02
18.44
15.51
11.19
10.85
14.69
17.34
18.23
18.66
15.67
16.76
16.41
16.54
12.88
11.23
13.03
16.63
18.21
16.36
16.29
16.8
16.98
17.19
18.09
17.94
18.01
18.7
20.12
18.09
18.36
18.03
15.08
15.74
14.94
17.25
17.57
18.09
18.53
20.08
25.79
25.94
29.02
27.99
27.45
29.01
31.3
30.93
31.04
30.93
30.42
23.16
20.23
22.12
23.49
25.23
24.78
24.56
25.8
26.78
27.76
29.6
31.57
32.27
32.83
31.34
31.16
30.09
30.13
28.79
31.38
29.61
32.63
35.04
32.04
31.93
29.55
34.86
32.23
36.47
35.45
32.64
34.93
32.85
25.94
23.25
24.04
27.22
30.34
33.15
31.29
32.66
32.01
24.35
29.63
33.68
35.39
36.4
36.17
32.27
28.9
31.73
34.17
34.89
38
39.53
39.77
37.3
38.8
36.4
32.18
29.54
34.72
35.33
36.59
35.63
36.62
35.24
34.57
35.56
35.41
36.71
34.06
36.09
38.26
36.8
39.03
40.88
39.66
40.03
32.48
29.45
28.71
36.79
35.5
36.07
35.78
34.81
34.31
30.88
34.43
35.31
36.68
38.85
38.37
39.4
38.28
38.13
35.99
34.69
35.34
39.37
41.38
40.92
41.12
39.72
37.47
39.69
39.99
39.16
37.8
37.21
38.74
39.45
39.95
39.44
37.19
33.09
31.65
35.7
36.76
35.45
38.11
35.85
43.73
45.22
44.84
44.28
43.35
41.25
41.46
42.76
41.94
43.14
41.24
41.98
43.11
45.13
44.2
40.22
36.79
36.23
38.44
40.15
41.07
41.29
41.57
41.71
41.75
41.62
41.21
40.27
41.35
40.52
48.57
49.3
50.14
46.08
42.67
44.1
42.15
39.25
43.79
46.02
46.63
46.97
45.42
41.88
37.7
35.74
37.48
31.67
33
30.6
30.14
30.94
29.74
31.2
30.08
31
29.52
30.73
30.66
31.25
32.42
32.57
30.47
27.78
27.46
31.06
31.12
30.92
30.73
30.97
29.37
30.01
28.48
29.07
30.3
30.95
30.63
28.21
27.09
24.79
24.67
23.82
23.62
24.88
26.3
27.08
28.39
26.36
25.42
24.05
26.11
25.48
25.37
24.2
17.39
18.21
18.27
19.24
22.17
24.34
24.2
23.06
22.73
24.93
23.48
25.12
24.37
23.37
21.16
19.93
22.61
22.99
21.66
21.64
24.83
24.84
23.52
21.78
21.17
22.78
22.97
21.84
21.32
21.85
19.77
19.18
21.59
21.53
17.63
18.04
18.88
20.43
17.4
16.73
16.47
13.83
15.35
16.01
21.49
22.44
19.13
17.23
13.49
16.99
21.12
18.52
16.01
22.61
17.19
19.81
17.18
19.81
21.43
19.56
19.81
21.81
23.24
23.53
22.52
19.32
18.71
18.28
16.01
22.21
21.85
20.65
16.29
15.89
9.87
6.49
3.64
4.27
9.2
10.97
14.28
13.32
15.82
13.69
16.34
13.88
9.8
4.92
9.98
9.26
11.65
10.34
14.51
13.3
13.77
18.52
19.3
19.77
16.23
13.15
10.74
3.57
6.45
8.64
12.06
13.77
12.17
12.32
10.56
15.24
17.86
16.96
16.34
18.95
19.35
14.33
10.23
12.63
16.13
17.33
17.96
17.95
18.09
18.8
17.49
19.34
19.83
19.39
18.68
21.24
21.8
20.53
21.65
22.66
22.93
22.71
22.55
23.77
21.46
22.71
20.43
22.41
23.05
23.21
22.89
23.24
23.31
23.59
16.71
20.02
26.77
28.42
28.85
27.95
27.26
23.82
22.15
22.49
25.54
24.77
27.02
27.8
28.85
26.22
25.63
22.96
23.51
24.54
25.44
26.47
27.79
32.65
34.16
35.44
37.66
37.63
40.2
36.57
32.49
31.86
27.48
28.67
31.74
34.31
35.62
36.34
36.46
36.62
31.43
30.48
30.36
33.86
34.64
29.79
31.44
31.72
34.77
35.77
36.54
37.63
38.28
37.72
41.39
39.11
39.41
27.67
28.22
33.46
35.73
34.29
34.07
33.45
32.77
34.92
34.91
31.35
27.62
31.18
31.1
29.09
32.4
34.98
39.11
38.82
34.87
35.69
31.56
27.71
35.99
38.07
34.65
35.97
35.22
38.51
36.52
37.56
36.75
32.67
33.05
33.02
38.05
38.82
39.68
39.7
39.88
39.3
40.46
37.69
34.11
31.39
32.35
32.04
31.44
31.8
33.25
34
31.92
32.6
31.95
33.25
31.79
34.17
34.73
32.24
33.27
35.64
34.55
33.28
33.33
33.04
30.31
36.11
36.5
35.7
35.6
39.08
39.64
39.48
38.36
39.88
39.68
36.49
34.13
36.96
35.42
35.06
34.43
35.83
35.66
34.09
37.09
36.77
36.27
33.75
33.63
32.74
34.18
34.95
34.51
35.75
33.38
31.81
37.76
36.15
39.52
39.25
39.25
38.46
37
35.12
32.58
34.46
33.67
33.2
35.96
36.48
36.77
36.13
35.18
36.42
35.41
33.23
34.08
32.22
34.26
36.04
35.63
34.65
33.5
33.67
34.25
33.84
33.1
32.81
33.66
32.25
34.19
35.03
35.22
34.63
33.52
33.11
32.63
30.27
31.34
31.56
32.16
30.57
31.07
32.38
31.04
30.68
31.72
30
28.54
24.02
22.73
28.09
31.35
32.36
30.86
29.87
24.76
21.44
23.24
21.75
15.33
15.21
16.16
20.06
20.61
20.6
21.46
18.44
16.42
16.66
14.64
16.19
17.59
16.69
14.73
16.64
21.87
27.65
26.83
15.86
16.74
19.14
21.19
21.53
21.42
20.37
15.52
10.45
0.65
-0.35
4.99
11.27
14.59
13.81
14.32
11.44
7.26
4.4
3.65
0.45
1.56
10.91
8.33
11.6
7.05
7.35
10.68
12.53
15.44
11.91
17.52
19.5
16.43
15.44
14.23
16.13
18.4
12.05
15.14
14.98
12.99
14.33
11.75
8.08
10.79
12.6
16.56
16.94
11.93
7.67
7.24
11.63
9.92
9.83
9.44
10.55
12.2
13.28
13.3
17.61
17.44
18.74
13.56
15.36
12.3
11.77
8.62
12.61
10.22
10.49
9.38
9.94
10.23
13.7
15.18
15.33
15.56
17.19
15.33
14.6
16.81
14.91
15.78
16.14
16.58
13.3
15.22
12.43
13.17
15.74
16.38
16.89
16.31
8.24
13.19
12.83
14.6
16.77
16.19
16.69
14.53
16.86
16.69
13.86
13.93
13.78
15.25
16.06
16.68
17.49
16.37
15.46
16.42
16.86
17.4
16.58
17.85
16.55
16.56
17.59
16.97
18.14
18.06
18.42
19.36
19.57
20.17
13.1
13.07
12.58
12.11
11.08
12.19
10.97
10.74
9.82
10.58
11.58
10.34
9.84
12.47
12.17
11.22
12.51
12.8
13.18
13.83
13.94
14.14
14.26
14.28
20
24.18
20.52
26.41
21.38
16.43
18.41
30.12
31.67
31.89
31.02
31.32
33
32.49
31.79
34.78
34.52
34.8
35.79
34.78
34.11
34.3
34.19
34.21
27.1
28.88
35.65
35.9
35.86
34.53
36.09
37.32
39.18
36.29
30.72
35.38
38.35
37.66
37.53
38.57
37.84
36.1
29.25
27.6
28.36
34.19
34.59
34.22
31.4
31.14
33.52
32.4
32.75
35.87
34.87
34.4
35.72
33.25
31.15
30.13
34.86
38.4
37.88
39.55
37.31
36.49
37.57
35.58
38.4
39.11
39.64
36.34
38.07
37.72
38.11
37.29
37.99
39.37
36
34.89
37.72
37.01
37.27
37.73
33.95
36.18
36.85
36.74
37.68
38.97
38.53
36.74
37.63
36.96
37.42
37.98
38.85
38.19
38.9
44.5
46.57
47.43
47.17
46.24
43.93
43.67
36.68
36.08
38.64
40.95
41.38
42.69
41.81
37.85
37.92
40.2
36.6
36.9
34.76
36.58
36.4
31.45
33.61
34.9
34.65
34.9
35.48
35.48
36.28
33.54
32.39
35.7
36.9
36.8
36.74
37.12
36.54
37.15
37.71
34.01
29.71
32.86
29.91
31.91
33.08
33.03
33.83
36.09
34.81
35.96
30.84
30.38
29.9
29.01
28.85
27.16
28.78
30.7
30.55
30.33
30.45
30.61
27.14
25.37
29.33
30.5
28.21
31.09
31.48
29.7
29.06
29.03
27.51
25.22
26.42
24.83
26.28
26.61
27.18
29.34
30.36
27.65
24.73
25.55
27.13
26.23
25.44
23.44
24.13
23.59
16.61
15.41
15.73
16.42
13.88
5.73
15.01
13.91
16.29
12.59
12.89
9.5
6
9.69
8.91
14.38
18.79
18.1
15.88
18.29
17.87
15.09
11.1
12.6
16.02
13.86
13.66
13.47
13.39
13.48
17.73
15.15
8.44
7.02
10.92
12.03
6.13
4.1
15.96
16
16.67
17.58
16.95
17.43
18.29
17.66
15.73
16.95
15.72
20.1
21.23
18.9
15.64
15.11
17.94
18.89
17.5
16.41
15.92
16.83
17.23
17.01
19.82
19.44
15.99
17.54
18.6
18.12
16.54
17.37
19.55
17.97
19.56
20.78
23.12
23.43
24.13
23.55
21.62
22.53
22.45
16.8
14.16
19.2
18.14
19.22
19.14
18.83
17.14
11.33
6.9
12.25
14.19
17.97
14.22
14.02
14.78
14.26
15.98
9.91
4.05
3.91
13.06
10.56
8.82
14.98
10.58
15.25
16.34
16.41
19.39
20.76
20.67
17.54
18.15
20.96
21.69
19.22
20.4
17.63
19.8
19.27
17.05
17.72
18.95
19.51
20.44
21
19.63
18.85
19.78
18.48
20.28
20.04
20
20.5
20.93
20.54
21.95
18.98
21.11
22.96
22.74
20.93
21.08
21.15
20.94
20.2
18.98
22.05
21.55
14.32
15.7
15.76
15.81
17.65
24
26.65
26.98
27.84
26.55
18.34
23.49
22.77
24.41
25.96
26.8
27.17
26.73
28.81
18.52
25.29
20.41
28.85
23.33
27.26
30.49
30.2
31.39
29.65
27.61
28.53
28.27
32.25
33.77
32.26
29.8
30.27
30.71
33.12
32.64
35.95
35.61
32.65
34.66
35.03
36.92
36.72
38.01
39.71
38.5
38.47
38.23
37.72
36.71
32.57
24.65
24.69
33.96
34.29
36.33
34.33
31.35
34.54
35.96
34.04
33.9
33.32
35.94
37.2
34.83
34.48
36.36
37.58
37.59
33
36.27
36.12
37.79
39.53
40.52
39.04
39.32
39
40.12
37.41
36.8
38.52
38.88
39.96
41.9
43.02
42.6
41.45
42.24
43.01
42.37
41.46
36.72
39.02
38.82
38.2
36.42
37.06
37.92
36.41
39.78
39.98
39.09
37.83
38.24
38.29
38.57
36.76
36
36.77
39.32
39.63
39.82
40.02
40.72
40.61
38.87
33.96
43.39
44.9
41.96
42.92
39.4
36.9
34.1
34.62
36.48
36.6
39.49
39.87
39.13
39.62
39.35
37.83
34.98
37.29
37.86
38.6
38.45
38.09
37.15
35.45
33.11
35.36
35.47
36.2
35.89
35.32
39.87
41.07
42.37
43.26
39.59
35.66
39.25
42.32
42.56
42.29
41.11
41.91
41.91
35.24
34.63
34.01
34.81
38.17
37.93
33.24
37.67
37.73
36.59
37.91
37.56
36.57
36.29
32.69
36.02
34.94
35.02
34.72
31.66
28.78
28.51
28.84
28.67
29.2
29.22
28.97
26.19
27.73
29.43
31.69
31
29.69
29.23
29.57
32.52
34.71
35.03
34.57
34.28
33.51
33.32
33.37
34.59
33.05
32.23
33.36
30.16
22.73
20.8
20.24
22.16
18.57
20.21
15.73
17.39
17.79
15.45
18.38
19.44
18.33
20.07
20.84
22.19
22.47
20.21
16.15
16.37
16.25
15.57
15.97
15.82
20.82
24.79
8.82
7.85
7.77
16.28
12.92
7.43
11.81
11.99
12.64
10.9
15.07
20.75
20.96
17.86
18.13
16.87
12.64
10.92
10.26
9.4
12.33
13.95
14.68
15.39
-1.33
2.82
2.78
4.74
6.99
5.76
5.37
7.21
9.28
13.26
14.42
12.11
6.23
2.61
2.4
0.43
9.2
9.54
5.15
8.08
11.74
9.97
7.57
5.37
2.69
2.25
1.39
1.44
0.53
1.94
5.27
8.94
15.72
11.63
15.22
11.22
11.09
3.24
0.65
5.01
8.2
10.33
7.79
7.9
7.53
7.08
4
1.28
-0.64
-0.59
4.04
4.04
3.64
5.01
12.81
9.17
4.14
5.18
6.08
9.35
10.05
12.39
17.99
18.57
18.66
17.09
17.74
18.08
18.53
17.56
15.11
17.39
16.59
16.75
17.08
17.64
18.01
18.68
17.66
16.9
19.33
17.68
18.88
16.59
15.61
14.48
17.28
13.82
16.92
19.09
17.98
17.74
18.24
16.98
17.28
17.05
18.6
18.7
18.57
19.3
19.34
19.29
10.27
11.92
10.77
10.85
13.24
15.36
16.13
16.98
18.28
19.13
18.64
19.69
21
20.01
17.29
12.91
18.49
12.74
17.53
18.54
17.12
14.87
12.58
16.47
12.69
17.24
13.89
12.65
14.96
15.9
17.8
28.1
30.64
29.7
32.81
32.59
35.34
36.93
34.03
33.76
33.8
32.62
32.92
31.96
31.92
34.44
35.93
36.41
37.13
38.76
38.25
37.64
37.9
38.62
37.38
27.77
34.48
34.06
28.03
28.71
34.74
36.33
38.04
37.41
35.86
38.31
39.31
39.91
38.8
37.38
31.65
34.1
38.94
39.35
40.99
41.55
41.83
41.22
40.62
40.38
33.11
30.94
31.96
30.73
31.52
34.38
35.14
36.11
37.89
36.58
37.05
37.98
37.36
37.25
38.17
38.99
40.27
42.09
41.67
34.09
32.86
36.26
38.15
34.84
36.56
34.63
36.13
37.47
37.92
37.75
38.81
38.42
34.9
35.11
32.64
36.36
38.51
36.07
35.83
37.82
38.48
36.36
35.2
42.05
41.06
41.02
39.24
39.73
40.72
41.54
41.86
41.17
40.58
38.09
34.99
38.17
37.17
37.95
37.34
38.82
40.8
41.13
39.52
38.71
38.72
36.39
35.98
37.53
37.51
40.05
40.87
36
35.49
42.28
40.78
39.59
37.44
37.27
33.93
36.64
40.72
43.88
43.11
40.43
31.15
30.47
32.54
36.09
31.16
30.25
34.49
37.1
38.79
37.45
37.45
36.43
35.63
36.77
37.2
38.37
38.15
38.09
38.59
35.26
37.08
34.94
34.72
30.44
35.02
30.32
27.96
29.26
31.38
29.08
29.15
27.77
28.48
28.76
33.04
28.58
24.67
26.81
29.3
32.02
31.46
28.45
23.42
23.59
23.4
24.68
24.47
22.7
25.58
24.57
19.87
19.29
20.32
21.28
20.96
18.14
20.14
20.05
15.29
17.56
17.87
17.64
18.71
18.7
19.73
18.79
19.11
18.38
18.61
17.14
21.05
15.27
14.42
14.97
20.62
20.65
21.16
18.64
17.98
12.59
13.56
8.33
4.55
4.36
4.13
1.22
14.77
20.83
16.81
16.26
14.3
17.36
21.33
23.87
21.81
19.81
18.11
17.05
12.77
9.93
10.01
13.13
14.14
13.7
13.54
14.12
12.16
12.04
16.49
22.16
15.85
11.44
12.15
9.9
10.28
14.07
15.62
13.16
16.73
14
12.85
14.74
17.68
13.51
18.81
19.65
18.47
20.2
20.61
21.26
22.45
22.72
22.64
21.57
20.3
23.19
24.18
23.38
20.53
15.48
2.37
8.33
10.49
9.44
18.61
14.71
14.57
13.04
12.63
11.61
12.14
10.62
13.97
16.4
21.18
11.63
11.59
19.46
19.08
20.31
21.67
23.97
18.19
18.12
18.9
21.38
23.27
23.34
23.43
22.56
22.72
20.35
21.17
22.97
22.95
24.62
26.65
26.63
26.39
25.71
26.31
26
26.21
24.77
25.76
24.05
25.69
26.24
26.19
27.18
30.39
33.15
33.26
33.54
34.49
35.71
36.87
31.54
36.52
34.87
37.08
34.98
34.19
31.9
30.71
30.13
33.19
34.35
33.43
31.24
31.42
30.84
31.24
28.62
26.5
25.34
25.34
22.12
23.67
26.99
27.47
27.61
28.9
30.83
34.68
31.3
31.67
27.51
25.29
32.57
32.91
32.17
36.07
36.05
34.22
36.78
38.93
38.7
39.98
38.76
37.03
36.46
38.55
40.1
41.35
40.52
36.71
38.8
37.92
39.87
40.98
38.83
38.99
35.7
40.01
40.06
31.22
38.19
39.86
41.81
40.63
36.58
36.46
36.54
37.2
38.4
39.56
40.75
39.47
41.6
39.35
37.86
34.81
34.91
36.65
37.9
37.59
33.45
31.14
33.34
35.14
34.52
37.19
37.06
38.12
39.34
39.83
40.1
40.18
39.2
43.18
42.99
42.47
41.36
37.17
36.46
38.58
36.72
40.3
40.75
41.53
39.05
38.22
37.38
38.08
36.98
38.1
39.41
40.07
39.67
38.97
38.27
38.88
39.33
40.22
40.82
34.47
38.45
39.61
39.34
40.12
41.18
40.08
38.02
39.68
40.51
41.1
43.21
42.79
44.78
43.71
39.42
41.04
40.35
38.38
40.75
41.46
43
43.31
42.8
41.32
38.36
37.92
39.86
39.28
38.81
39.07
41.93
41.69
39.77
34.39
32.48
30.39
34.05
38.75
39.52
39.65
38.94
36.46
37.33
36.76
29.65
34.9
35.91
36.76
40.16
39.67
30.45
37.7
37.74
37.62
36.64
37.49
36.96
37.3
38.85
39.45
38.97
37.85
34.94
32.22
28.9
29.44
29.97
29.24
29.28
29.26
28.98
31.72
30.19
30.45
28.92
29.92
29.96
30.57
30.87
30.18
29.47
30.09
29
27.4
30.33
31.01
30.22
29.86
29.52
28.86
27.73
25.96
26.19
29.32
26.35
26.07
24.76
22.3
18.89
19.18
19.14
19.84
18.87
19.83
19.32
20.03
20.11
18.2
19.65
16.24
14.1
15.5
22.96
21.43
20.14
19.11
20.23
17.78
19.8
14.87
9.87
9.43
13.56
11.42
15.79
17.03
17.33
18.42
15.2
13.94
16.81
16.82
16.67
15.04
13.81
12.28
12.45
14.18
8.11
15.56
16.65
14.38
13.29
18.09
17.87
17.86
15.53
18.65
19.53
18.28
18.61
19.61
22.84
16.59
17.8
14.99
15.41
10.87
11.42
13.86
10.76
14
14.36
13.59
11.88
13.78
8.8
6.43
7.38
6.47
5.97
3.28
10.36
14.95
13.52
14.24
13.83
14.16
11.12
12.17
14.59
16.9
17.85
19.32
15.51
12.56
9.59
12.77
11.43
12.05
10.49
14.71
15.62
16.63
12.74
15.13
13.93
11
8.19
16.18
8.53
10.36
18.01
17.9
16.9
16.76
18.12
18.19
16.23
15.38
18.01
18.72
18.68
19.64
19.4
19.17
18.73
18.3
18.48
16.59
16.64
16.07
15.44
16.24
16.87
18.25
19.32
18.23
16.43
18.79
17.01
19.34
18.6
18.49
20.25
19.64
20.15
19.03
20.05
19.59
18.86
19.83
20.42
20.83
20.88
21.53
22.85
24.22
22.32
19.3
16.33
19.83
21.87
21.55
18.71
17.69
20.02
20.38
21.63
22.31
28.07
36.05
36.14
36.45
37.23
36.68
35.59
34.33
31.06
27.7
32.5
32.54
35.51
37.52
39.87
40.83
41.18
39.1
40.24
39.07
39.65
39.14
40.87
40.22
36.98
32.56
34.8
37.61
41.23
41.6
42.69
42.06
41.76
42.52
41.07
39.27
38.67
39.99
37.83
37.45
35.1
35.11
34.96
32.96
29.56
26.91
29.63
35.57
38.85
40.25
38.86
38.52
40.26
41.9
42.59
38.25
39.3
36.02
37.63
37.96
37.72
36.23
29.14
27.93
29.8
36.68
34.52
29.65
29.94
29.07
31.25
37.3
39.65
39.35
36.69
36.29
32.85
37.05
37
39.22
39.44
38.42
39.89
38.68
36.8
38.39
37.44
35.25
37.08
37.27
36.97
36.62
37.45
35.93
37.42
37.41
38.57
38.7
35.88
37.9
36.29
36.84
37.85
36.74
36.82
37.97
38.54
35.67
34.23
35.86
36.55
35.93
43.31
39.18
37.64
41.48
43.98
42
40.71
38.85
38.31
40.81
36.98
40.33
42.33
41.5
40.08
40.14
39.5
39.81
41.35
41.35
40.86
39.71
38.58
35.04
37.21
34.39
36.2
35.95
36.34
36.29
39.64
40.88
41.23
41.14
42.93
43.79
41.52
41.27
41.6
41.52
43.98
42.59
41.54
39.31
37.68
31.38
30.37
29.73
29.73
31.98
29.58
32.79
33.5
33.57
33.05
32.1
32.17
31.4
31.96
32.12
34.46
34.36
34.15
36.73
33.65
30.93
32.57
28.87
26.25
29.39
31.15
29.2
27.23
27.3
26.77
30.78
30.5
30.85
32.33
30.26
28.33
25.82
22.85
20.99
22.45
23.7
23.79
24.94
25.95
24.32
24.76
20.53
20.02
18.51
16.42
13.69
15.01
17.7
23.15
23.24
20.97
20.62
19.82
18.21
17
17.28
18.2
19.57
22.43
24.24
22.4
19.29
16.71
15.11
20.11
20.88
15.86
15.87
18.1
21.96
20.84
17.48
12.34
12.33
13.43
17.28
13.74
10.58
12.07
15.7
15.33
14.95
18.69
22.06
19.09
17.03
12.61
13.17
10.13
10.68
10.11
15.49
16.05
13.9
11.67
12.89
11.93
14.39
17.2
15.23
18.39
17.38
17.4
16.23
15.22
16.84
15.79
11.94
12.54
13.09
16.78
17.08
14.95
14.38
12.05
11.19
9.15
12.75
14.6
15.43
18.35
14.69
17.2
15.98
12.46
10.45
12.12
13.39
17.35
15.43
15.74
8.17
9.93
-0.78
8.11
9.69
9.46
11.23
16.2
16.4
4.89
8.49
12.14
14.4
13.1
10.89
12.41
16.4
15.18
18.03
18.26
20.06
19.39
20.87
22.96
23.21
22.85
20.49
21.05
18.46
17.45
17.05
15.64
16.25
18.54
18.49
16.94
18.53
18.89
17.18
17.6
17.33
19.3
20.13
19.87
19.45
19.71
21.6
21.74
23.53
24.35
22.66
22.83
23.89
23.92
21.45
22.32
23.1
23.19
23.82
22.76
20.85
15.11
16.31
17.71
13.29
16.01
18.61
23.3
23.29
25.04
25.96
24.69
26.48
22.82
25.88
28.65
28.13
28
30.54
29.46
33.12
34.13
29.88
29.69
27.54
25.47
25.76
25.67
28.42
29.97
31.28
31.58
33.99
35.34
28.7
27.67
29.26
32.49
31.78
31.74
32.01
32.14
33.37
35.35
34.74
33.64
31.27
33.37
35.26
37.8
38.14
36.89
36.02
35.51
38.94
40.49
40.45
40.93
39.78
37.09
35.43
34.76
36.91
37.84
38.95
38
37.06
35.7
34.26
39.76
38.67
35.68
36.66
29.08
31.85
36.09
34.42
33.51
36.21
36.1
37.68
38.76
39.83
39.88
39.61
40.88
37.02
32.94
32.37
35.95
35.32
34.97
36.36
39.35
37.86
33.16
37.69
39.13
39.07
39.45
39.36
40.14
39.78
38.48
38.7
35.01
38.75
40.66
40.33
40.3
38.07
36.91
35.78
37.04
36.83
36.53
36.46
38.14
33.38
34.66
34.63
37.18
36.84
38.7
43.63
41.58
38.61
39.85
37.23
37.22
39.73
41.68
40.8
37.18
36.49
36.96
36.92
36.31
34.56
36.3
33.44
37.01
35.91
34.11
37.24
33.95
33.13
36.71
37.64
38.22
37.77
37.35
37.14
38.07
42.05
40.81
41.12
40.65
42.77
42
43.81
42.97
35.26
31.29
36.1
38.84
36.95
33.34
29.63
30.48
31.89
32.37
32.95
33.73
33.75
32.9
34.78
32.38
31.27
34.38
32.73
33.76
34.25
32.1
30.9
25.46
35.29
36.05
35.66
35.14
27.23
28.6
29.91
29.32
31.01
30.81
30.94
29.29
28.45
29.43
29.86
29.39
30.85
31.55
31.72
32.07
32.5
29.43
27.49
26.57
31.31
35.22
30.05
23.23
16.57
15.23
24.79
23.01
22.79
18.52
21.92
21.55
16.64
20.78
22.25
20.83
19.84
23.66
19.66
18.06
17.93
16.75
19.43
18
26.34
26.06
23.58
22.07
23.03
24.15
26.21
23.92
21.88
26.38
23.51
18.1
11.14