16.68
17.3
15.99
15.38
13.13
15.39
15.56
14.63
15.36
15.37
13.63
15.21
15.34
13.88
12.22
12.19
11.64
12.65
12.76
13.1
12.95
12.64
12.76
11.93
13.11
13.01
12.53
12.76
12.7
12.57
11.68
11
11.23
11.51
11.51
7.8
8.07
8.34
7.63
8.75
8.48
7.73
7.67
8.54
8.6
8.4
8.2
7.76
7.78
8.55
8.47
8.56
8.31
7.66
6.89
6.35
6.61
6.91
7.75
8.31
8.91
10.13
10.48
11.06
10.76
11.11
12.79
12.96
13.84
14.22
14.96
12.77
13.5
13.25
12.55
12.39
12.81
12.5
13.55
14.64
15.32
15.62
14.43
16.1
13.23
12.95
11.75
11.31
10.29
10.32
10.27
10.33
10.15
10.36
10.75
10.82
10.63
17.12
17.51
17.81
17.77
17.12
16.57
17.07
17.01
16.69
16.76
17.22
17.11
17.4
17.6
18.53
17.28
17.61
17.31
17.29
23.56
24.48
18.53
17.78
21.91
23.84
16.86
16.96
23.52
27.14
25.61
25.8
30.2
25.41
25.22
26.74
26.62
30
35.1
20.14
26.7
29.27
30.08
36.43
36.27
36.94
29.58
28.65
19.19
18.94
19.32
26.14
31.43
39.23
44.06
43.89
44.72
46.58
49.51
44.66
29.88
29.41
28.59
38.62
39.05
36.29
37.27
37.55
38.14
35.74
38.2
34.76
39.16
39.62
38.99
38.94
43.65
42.16
41.14
40.7
41.75
41.17
42.45
40.96
42.2
44.71
41.86
43.87
42.2
43.82
43.83
38.18
38.82
38.29
37.74
39.11
38.73
37.03
36.3
37.3
37.51
38.17
38.73
38.63
38.46
39.01
38.32
39.04
39.23
40.1
40.3
38.71
38.26
39.93
40.66
39.72
39.98
40.32
41.37
41.66
41.9
41.87
42.25
42.01
41.86
41.9
40.08
40.73
40.97
42.12
42.43
41.59
41.88
41.53
41.95
42.25
41.54
39.87
40.63
41.43
42.11
42.92
43.15
43.37
43.62
43.38
40.29
41.23
38.63
38.84
40.55
41.44
37
36.87
36.55
37.11
37.52
35.15
35.36
35.03
33.32
33.06
34.63
36.19
37.06
37.37
34.95
34.84
35.91
32.76
32.09
35.16
36.13
36.84
37.34
37.25
35.79
33.14
33.75
31.96
33.89
33.77
31.03
28.09
27.41
26.63
27.32
28.71
28.68
27.8
25.93
29.03
26.9
27.22
28.15
26.54
27.43
28.36
28.89
29.15
29.54
28.61
27.73
26.61
27.74
29.77
31.64
31.94
31.34
31.22
30.94
29.83
24.79
26.06
26.59
24.78
27.52
26.99
22.08
18.91
23.65
22.49
17.6
20.64
23.14
25.26
24.76
11.35
12.97
10.92
16.64
15.15
9.66
6.27
11.35
14.24
16.24
17.32
16.31
16.33
15.03
11.81
13.71
15.44
18.32
17.94
18.11
17.98
17.55
17.51
19.76
19.49
17.97
18.72
18.31
18.07
14.44
11.19
13.28
15.55
13.41
10.93
10.66
10.77
10.86
10.81
10.44
9.94
10.59
10.07
10.22
10.28
8.47
9.97
10.61
12.92
12.68
12.43
12.14
11.92
12.57
12.53
12.83
11.96
11.87
12.01
11.69
11.31
11.09
11.39
11.01
10.63
9.8
11.2
12.4
11.27
11.24
11.92
12.34
12.56
12.76
12.26
12.24
12.42
12.13
8
7.33
6.8
6.19
6.82
8.23
8.43
8.32
7.84
6.57
7.33
8.19
8.35
8.57
8.5
7.34
8.28
8.02
8.98
9.1
9.02
8.5
8.96
7.94
7.09
7.16
8.15
8.19
8.56
8.96
8.92
10.33
10.09
10.8
10.78
10.75
10.6
10.48
10.46
10.3
10.42
10.6
12.28
13.51
11.29
11.44
10.77
12.22
10.61
13.17
14.63
13.25
10.35
11.8
14.34
14.77
13.83
15.24
15.93
16.1
17.05
17.99
30.04
35.38
38.74
29.92
19.18
22.24
29.27
26.58
26.36
26.94
28.69
32.51
19.13
17.08
18.16
19.46
26.36
28.51
33.74
36.41
38.85
39.61
38.7
41.1
37.71
36.87
37.98
37.43
37.87
43.17
41.69
41.22
42.59
35.53
37.57
34.74
36.47
39.42
41.73
35.21
28.65
24.72
33.36
38.37
37.66
34.7
34.19
40.6
38.69
36.63
38.67
32.07
40.85
36.27
37.39
38.67
36.37
41.27
43.52
37.27
41.17
39.16
39.84
39.12
38.71
38.68
30.94
30.7
35.82
38.19
37.92
37.79
39.21
38.97
37.7
38.87
35.55
36.32
37.11
41.92
40.3
38.41
39.51
41.28
40.12
41.21
43.41
43.64
42.18
38.35
38.58
39.16
38.87
38.49
39.02
38.88
39.79
39.94
39.5
38.82
39.11
37.52
39.07
39.54
39.59
40.11
37.12
38.23
37.86
38.16
39.3
39.36
40.14
40.11
40.19
40.56
40.03
40.69
39.95
40.87
41.46
41.63
42.46
42.8
42.4
41.65
40.81
40.71
41.24
43.07
43.19
43.21
42.48
41.25
41.35
40.52
40.98
41.09
41.43
41.7
42.15
41.9
41.79
41.3
41.75
40.84
41.55
41.13
40.67
40.3
36.4
35.75
36.59
36.36
35.75
36.79
37.56
36.71
36.61
36.19
36.19
35.62
34.53
35.49
34.49
33.78
31.32
34.29
35.38
35.51
35.15
34.98
34.8
34.8
34.78
34.79
34.26
35.87
35.79
35.5
33.1
21.07
18.23
25.57
27.67
26.92
27.47
25.65
26.14
27.29
27.68
28.74
29.88
30.15
30.47
29.83
29.54
30.92
30.45
29.19
27.35
26.62
28.32
27.15
29.11
25.73
24.85
27.25
27.06
26.41
23.52
25.98
24.77
24.77
23.64
19.37
18.78
19.86
21.89
19.16
16.69
17.6
17.72
19.57
16.3
19.27
19.57
15.97
15.09
11.1
7.32
5.45
10.98
13.98
16.3
17.32
18.39
17.93
13.87
14.33
13.77
16.46
18.93
17.69
18.92
17.99
18
18.22
19.24
20.43
12.83
10.67
10.93
11.14
11.97
14.87
15.02
14.95
15.51
15.53
15.77
12.58
10.95
12.23
13.14
12.45
12.77
11.3
13.55
14.56
13.63
11.95
13.27
12.88
11.59
12.74
12.82
13.06
12.78
12.92
12.18
12.2
12.84
12.54
12.74
12.82
12.43
12.27
13.03
13.33
13.33
13.11
11.47
12.13
12.56
12.45
12.26
12.41
12.52
12.36
12.82
12.73
13.01
9.42
8.93
9.37
8.84
8.39
7.45
8.21
8.59
8.18
8.19
8.07
8.53
8.12
8.18
8.91
8.21
8.41
8.73
8.9
8.93
8.97
8.96
9.25
9.03
8.73
8.73
8.56
8.65
8.8
8.94
9.53
10.62
10.37
10.27
10.79
10.57
11.1
12.89
11.7
13.78
13.48
13.91
14.18
14.54
14.63
11.76
13.61
13.68
15.27
14.38
13.8
15.26
16.35
10.86
10.9
12.04
15.73
19.61
18.92
17.47
17.14
13.09
21.01
32.05
33.79
34.94
35.2
34.76
24.32
31.16
25.89
29.93
33.13
38.46
40.98
42.18
41.59
40.82
34.32
37.15
39.44
38.45
23.56
36.03
29.34
29.99
32.17
32.49
35
35.53
31.24
27.27
31.08
34.71
33.33
32.07
31.77
37.57
35.4
37.43
30.9
28.15
39.03
41.22
42.67
46.19
44.05
44.39
43.15
45.68
45.43
47.32
45.3
44.35
42.67
40.12
37.66
40.17
38
41.12
40.13
39.43
40.05
41.57
40.62
38.38
41.38
43.37
39.4
39.07
40.88
42.79
40.03
37.68
39.53
38.31
37.96
37.58
35.71
38.05
38.01
44.66
45.73
46.45
45.18
43.04
43.36
39.2
42.51
41.26
43.89
39.82
38.95
38.91
37.14
38.27
38.36
39.16
38.32
38.49
38.22
38.64
39.26
39.68
39.97
40.35
40.43
39.88
39.72
39.34
39.64
38.69
39.4
39.83
39.1
38.11
39.19
39.27
40.25
39.9
38.85
37.23
37.74
37.95
40.38
40.21
39.9
39.94
40.15
41.02
40.19
41.02
41.32
41.47
40.57
40.61
41.07
40.66
40.09
40.73
41.03
41.31
40.19
40.62
40.38
40.6
39.51
39.86
39.95
40.22
39.59
39.87
36.03
35.64
35.79
35.38
35.92
34.5
34.22
32.72
33.08
34.49
34.53
34.74
34.91
34.85
33.99
34.64
33.93
32.57
33.53
33.78
33.47
32.7
30.63
32.34
30.51
30.61
31.48
29.73
31.01
32.09
32.52
28.68
29.1
28.98
27.49
24.6
26.4
27.89
28.84
28.2
28.15
28.75
28.68
28.9
29.88
30.18
29.34
29.45
29.62
29.59
29.31
28.13
28.04
27.9
28.08
28.27
28.07
27.58
27.2
18.67
20.84
21.62
19.65
19.94
20.26
20.2
19.88
19.21
21.39
16.2
19.09
19.27
17.41
20.38
15.72
20.98
21.8
23.42
23.1
22.92
22.43
20.92
19.91
19.72
16.94
19.03
19.69
19.61
19.49
18.91
17.75
16.83
18.75
19.21
15
12.71
18.41
19.48
18.36
17.63
17.27
15.52
17.52
15.84
11.23
10.43
13.4
15.36
15.53
15.42
16.06
17.85
16.95
13.53
12.25
9.74
9.78
10.13
9.93
7.66
8.91
9.12
8.87
11.79
11.25
11.29
11.39
11.37
11.5
11.81
11.84
11.29
11.49
11.82
11.56
11.54
10.44
10.84
10.88
11.46
11.7
11.74
11.49
11.51
11.66
11.72
12.09
12.49
12.71
12.86
12.75
12.88
13.6
11.14
10.73
11.08
9.03
8.22
7.41
7.94
8.76
8.88
8.5
8.69
8.73
8.46
8.68
8.53
8.95
9.27
9.29
9.49
9.48
9.64
9.86
10.72
11.67
11.94
11.6
12.16
12.05
12.46
10.48
10.59
13.51
14.53
13.76
12.78
13.31
14.84
12.69
14.9
15.77
12.61
10.18
10.7
10.93
12.79
15.23
17.21
14.84
11.47
13.48
17.16
16.46
14.12
15.2
15.79
17.93
17.59
17.1
18.83
20
18.69
19.42
29.39
34.19
30
19.29
23.66
34.54
35.98
34.67
36.38
33.53
24.94
30.78
34.22
34.94
31.36
24.09
35.46
25.5
27.32
30.11
30.18
30.07
33.69
33.53
36.66
31.42
39.57
39.47
39.12
43.49
44.35
40.22
31.8
36.96
42.36
43.22
43.45
41.2
38.66
39.09
29.51
34.8
31.13
38.2
39.42
36.43
34.96
41.63
39.7
37.77
32.57
41.56
39.23
41.72
41.29
42.67
43.05
44.09
43.69
39.34
39.36
39.15
40.82
37.95
38.43
40.99
43.04
40.57
40.59
40.3
41.63
41.12
39.39
43.2
42.71
40.05
40.15
36.06
42.9
43.64
42.94
42.79
42.81
41.85
42.93
45.7
45.28
45.18
45.3
38.75
37.45
38.04
36.07
36.42
36.16
36.46
36.93
38.56
39.91
39.21
38.82
40.06
40.03
40.4
40.62
40.52
41.13
41.35
41.39
39.71
40.78
38.8
38.95
39.78
38.94
41.28
40.4
40.51
39.55
39.54
40.26
39.46
40.27
40.85
40.19
39.64
40.03
39.61
40.53
40.86
40.15
40.82
41.41
41.12
41.06
40.47
40.86
40.44
41
40.45
40.25
40.5
40.64
40.29
40.66
40.62
40.54
39.99
40.45
40.73
35.69
35.06
35.22
33.56
35.15
34.96
34.65
34.63
35.68
35.76
34.39
35.41
33.78
35.63
34.07
35.69
33.69
32.35
33.97
34.12
34.21
33.93
33.9
33.25
31.44
30.69
28.15
25.89
30.59
31.06
31.29
26.98
26.58
25.92
25.56
23.45
23.06
24.16
20.03
22
15.35
23.89
25.5
25.34
22.38
23.08
23.3
25.04
24.13
23.68
25.05
23.08
22.02
21.39
22.08
22.86
21.37
23.05
19.08
14.19
11.13
11.89
13.32
13.98
18.26
19.97
19
21.49
21.82
20.13
17.24
15.38
18.67
18.27
16.57
17.36
17.43
17.21
19.15
12.63
9.95
5.48
5.47
4.44
3.27
4.83
4.32
3.94
4.26
4.14
4.38
4.31
10.39
10.68
11.94
12.04
13.42
14.05
14.72
13.97
12.07
12.68
11.52
11.5
12.12
12.31
12.16
12.44
13.03
12.45
11.95
12.1
11.57
11.25
11.51
11.19
9.43
10.19
10.62
11.36
10.62
11.73
11.19
14.4
14.14
14.08
13.11
11.74
11.82
12.41
11.55
12.13
12.2
11.36
12.98
13.21
12.86
12.9
12.87
12.86
12.72
13.08
13.32
12.8
12.65
12.73
13.12
13.03
13.28
13.31
13.3
13.17
12.88
8.77
8.9
9.1
9.59
10.94
12.17
12
11.41
9.67
9.96
10.71
9.15
9.25
9.25
9.25
10.46
12.08
11.32
9.12
9.1
9.49
9.87
12.6
13.45
14
14.01
13.78
13.92
13.52
12.77
12.41
15.11
15.69
16.28
17.21
14.58
12.52
17.83
17.06
17.09
12.43
16.19
13.96
10.98
10.92
11.95
14.34
14.51
15.38
17.93
16.84
17.11
16.37
14.97
13.1
12.44
17.06
18.23
15.07
12.13
11.47
17.93
32.82
36.52
31.84
27.14
25.29
23.46
30.1
31.59
31.34
33.91
32.46
21.62
27.4
17.75
28.41
34.05
21.43
20.99
35.82
29.69
25.63
20.53
27.25
33.74
23.86
18.87
24.48
32.4
36.76
39.17
42.07
45.96
43.26
43.43
46.46
45.43
45.15
47.19
42.97
41.83
44.98
40.63
46.59
43.25
36.43
33.83
39.74
33.34
45.38
42.32
43.9
41.22
35.53
43.3
42.67
39.74
40.26
41.89
44.76
44.55
40.51
38.19
40.31
43.22
40.95
40.05
42.65
43.73
43.6
44.17
43.16
45.07
44.62
45.49
43.96
41.08
38.26
41.79
43.57
44.8
43.75
45.36
47.74
48.06
48.06
41.82
42.65
43.24
43.19
45.93
40.93
41.22
42.79
43.02
39.54
36.5
35.82
39.28
38.88
38.99
39.28
39.55
39.15
40.49
40.54
38.04
38.3
39.35
40.25
38.46
41.25
40.92
40.4
40.58
38.17
39.6
38.48
39.4
40.47
40.49
40.15
41.69
40.43
39.97
39.22
39.2
39.62
39.99
41.16
41.38
41.45
41.16
40.79
40.96
41.12
39.4
39.66
39.06
38.76
40.63
40.85
40.78
41.33
41.55
40.71
40.23
40.53
39.65
39.43
40.39
41.5
37.11
37.58
37.44
37.34
37.26
36.91
36.12
36.01
35.48
33.71
34.82
35.67
35.86
35.41
36.21
36.39
36.18
36.47
36
35.12
34.25
34.09
31.98
31.93
33.6
33.09
32.9
32.89
33.02
33.22
33.28
30.17
31.07
30.47
27.95
26.47
24.35
27.35
28.98
29.58
30.23
29.72
27.79
27.43
23.28
23.75
27.15
23.88
25.04
24.97
25.85
26.52
26.9
27.11
25.9
24.95
26.27
26.44
26.7
26.65
26.37
25.24
15.72
9.64
15.88
21.5
23.53
22.85
24.11
24.93
26.1
25.41
22.74
21.85
21.21
20.2
16.85
18.42
18.7
19.19
13.75
15.21
11.48
9.61
13.43
16.5
19.58
18.91
15.32
12.32
13.59
13.96
16.21
15.84
14.2
14.48
15.17
13.94
14.3
14.35
15.24
16.71
17.57
16.27
16.43
14.71
16.22
17.27
16.84
15.06
13.79
15.6
14.8
15.12
16.51
17.65
18.46
13.94
13.42
11.02
14.18
14.66
14.94
15.16
15.91
16.68
16.84
16.78
15.45
16.4
17.31
18.56
18.74
18.83
18.71
18.44
17.73
17.09
15.14
11.6
12.73
12.9
12.82
12.93
13.14
13.67
13.37
12.39
11.39
12.4
12.39
13.29
13.71
9.75
9.62
10.26
9.64
8.1
6.9
8.85
8.8
8.43
8.55
9.04
9.35
10.16
10.3
7.75
8.82
8.9
8.51
8.79
9.47
11.31
12.94
13.37
12.21
12.16
12.62
12.43
12.56
10.65
9.04
9.64
12.43
15.12
13.75
11.13
10.91
10.19
10.72
10.84
13.52
14.61
12.05
10.73
10.87
10.82
10.84
12.07
10.87
12.37
11.55
13.1
14.27
16.54
18.17
19.51
18.95
18.56
20.22
21.32
20.1
17.53
12.32
26.58
28.45
17.53
17.26
17.68
21.4
21.77
26.44
25.03
22.51
17.88
17.54
17.32
17.11
23.51
29.08
30.95
33.81
27.07
31.87
32.75
36.34
25.28
24.19
24.57
31.48
35.56
32.29
37.4
33.83
37.43
44.06
48.23
47.46
42.79
37.62
42.99
44.6
43.82
38.29
36.13
40.49
41.96
44.35
47.15
48.55
47.58
49.59
49.48
45.5
47.33
46.96
48.26
48.01
45.86
51.48
46.48
42.82
41.62
40.15
40.84
43.73
42.53
39.35
42.46
42.93
45.03
43.52
42.21
42.47
43.64
39.65
44.8
46.27
46.75
44.16
40.43
44.28
45.95
46.95
46.02
45.36
47.22
48.51
48.55
49.12
46.68
43.38
45.7
39.8
40.16
40.28
40.54
41.77
42.45
42.3
39.5
36.87
39.31
39.43
38.63
39.59
38.37
37.83
38.31
38.87
38.52
39.24
40.5
39.9
38.95
38.27
39.24
40.41
39.56
41.07
39.16
38.82
40.25
38.53
39.18
39.86
39.47
40.39
40.15
39.54
39.67
39.11
39.62
40.62
41.07
41.33
40.89
40.9
40.43
39.64
39.45
39.82
38.76
38.31
39.55
38.97
38.08
38.21
38.96
37.57
37.53
38.62
38.03
37.94
32.27
33.38
34.32
34.62
33.81
32.73
32.22
30.6
32
32.64
31.94
30.14
30.5
29.94
30.72
31.07
31.48
31.66
31.83
30.63
31.51
31.45
29.9
30.51
30.37
27.74
23.75
26.97
28.18
28.39
28.16
21.37
20.8
22.12
25.4
25.66
25.62
24.76
22.88
20.96
22.17
22.27
22.25
20.88
21.35
22.57
23.65
23.86
23.41
21.94
21.63
21.62
21.38
21.16
21.91
22.8
20.48
15.21
16.79
17.09
16.81
17.06
13.87
16.43
18.3
16.87
15.92
13.5
14.47
13.47
12.19
12.37
11.78
5.82
10.06
13.09
13.2
14.77
16.27
15.48
13.05
8.88
13.52
15.03
17.33
17.26
16.22
16.6
15.81
13.31
7.21
5.03
10.79
10.96
10.25
10.52
10.34
10.29
10.68
10.72
10.93
11.06
10.91
10.03
9.11
9.37
9.2
9.75
9.79
9.3
9.37
8.1
8.91
7.74
6.67
7.6
10.21
7.18
7.07
9.79
9.68
9.76
9.17
10.82
11.79
11.77
12.01
12.66
11.44
12.05
13.1
12.49
12.42
11.94
11.39
11.63
10.05
10.47
11.85
11.77
11.7
12.25
12.8
12.63
12.49
12.79
13.01
12.89
12.96
13.18
13.28
13.52
13.31
9.64
9.36
9.46
9.42
9.08
8.97
8.98
8.09
8.8
9.43
8.69
8.65
8.79
8.95
9.07
8.81
8.91
8.52
8.06
9.14
8.55
8.81
9.08
8.76
9.02
9.18
9.43
9.05
9.37
9.48
9.03
10.37
10.62
10.54
10.45
10.67
12.9
12.11
13.1
11.11
11.09
11.29
16.02
14.48
15.29
16.64
15.01
14.91
15.47
14.68
11.11
10.94
11.08
14.12
16.22
16.7
18.89
21.67
21.64
17.45
16.3
18.11
34.57
24.32
21.86
32.68
33.48
35.71
38.03
38.88
27.07
26.68
30.46
36.65
40.14
41.37
36.97
30.31
40.29
33.51
37.63
39.51
38.49
43.35
43.69
38.18
38.04
37.57
41.1
38.2
40.3
42.13
41.53
40.63
42.63
44.03
44.6
32.38
29.44
41.42
45.06
43.59
39.82
39.2
41.89
43.65
41.32
43.59
46.45
44.82
46.76
44.15
45.5
43.55
44.89
46.58
43.88
49.06
46.4
45.6
44.29
39.31
40.28
43.85
41.58
40.59
42.54
42.25
41.53
43.33
43.35
45.39
45.44
44.37
41.69
40.79
41.49
44.09
44.24
45.67
42.25
42.19
44.63
44.01
45.19
46.68
44.69
45
45.34
47.56
44.39
37.33
38.58
39.32
40.42
39.8
38.87
38.45
39.82
39.95
40.09
40.18
39.86
39.91
39.26
40.11
39.72
39.72
39.84
39.69
39.84
39.7
38.52
37.04
37.91
39.6
39.83
39.72
39.73
37.69
37.74
37.94
39.24
40.89
40.68
40.78
39.1
39.25
40.04
39.89
41.61
41.29
40.71
40.78
40.25
39.3
38.93
37.91
38.6
39.21
39.31
39.48
39.82
39.78
40.12
40.64
40.72
39.08
39.65
38.45
39.19
39.34
35.08
34.84
33.6
33.33
32.93
30.24
32.39
32.52
32.84
32.77
30.67
31.84
31.97
30.84
29.3
23.7
28.15
29.21
29.91
30.82
26.37
26.81
24.14
22.25
23.13
26.2
26.57
26.28
26.14
26.87
26.3
21.51
22.32
22.42
24.26
22.81
23.81
24.33
23.34
22.29
20.47
17.26
17.45
17.08
21.51
18.64
17.72
11.51
11.23
10.23
12.2
14.36
15.85
15.52
15.95
16.99
17.65
16.15
14.21
9.81
14.72
15.69
9.21
3.67
3.97
4.43
4.84
3.99
5.34
8.5
8.94
9.8
10.72
13.35
14.48
13.72
13.08
12.5
11.21
11.33
10.33
12.22
11.71
10.91
10.88
10.53
10.03
7.66
5.34
7.98
9.8
10.16
13.68
13.52
14.06
14.4
13.47
14.56
12.52
11.04
13.9
15.45
16.03
15.96
15.34
12.38
14.3
14.56
13.62
14.86
14.5
15.53
15.03
14.4
12.77
12.11
13.73
10.96
9.2
10.23
10.46
11.2
12.06
13.82
13.84
13.69
13.03
13.17
13.83
13.9
12.18
12.24
12.2
13.56
15.07
13.82
13.32
13.38
13.88
15.32
14.87
14.65
14.83
15.29
12.56
11.53
12.47
12.3
11.94
11.94
12.33
12.29
11.85
6.91
7.71
8.07
8.72
9.03
9.28
9.55
9.58
9.64
9.95
12.17
12.4
12.91
13.21
13.33
9.74
9.65
9.73
11.24
10
9.36
9.27
9.22
9.32
9.08
8.85
8.41
9.32
10.68
10.59
10.24
13.1
11.09
13.08
13.73
14.26
16.4
17.78
18.05
10.99
16.71
13.58
19.62
18.02
19.49
13.29
11.11
11.13
11.11
10.87
10.81
12.97
12.97
12.9
14.15
10.38
16.75
17.64
13.88
18.35
19.95
23.06
40.25
34.94
23.8
18.05
20.55
25.06
22.67
31.52
36.33
31.34
36.47
40.38
31.03
27.01
28.88
32.92
36.54
41.94
40.25
32.54
34.01
37.36
42
40.99
44.5
48.52
31.85
31.74
54.17
51.15
45.48
35.84
37.97
32.14
39.67
39.83
38.94
31.11
34.74
38.27
43.65
47.42
48.81
46.38
49.01
48.96
46.69
45.65
41.19
39.89
40.87
43.49
46.89
45.98
41.6
33.96
46.65
46.92
47.15
43.38
43.59
43.46
44.33
43.5
42.59
40.61
38.5
40.7
42.32
44.18
45.02
45.95
45.91
44.69
42.83
43.59
43.9
46.16
47.61
47.91
47.07
46.68
47.39
48.47
47.04
45.49
45.94
46.62
48.95
42.86
43.18
43.01
40.41
40.46
40.66
41.6
41.01
41.01
39.09
37.69
39.09
40.8
40.77
40.11
41.09
41.04
40.64
41.62
41.26
39.65
40.25
41.41
41.67
41.59
41.64
42.55
41.02
41.57
41.46
41.06
42.04
41.56
41.53
41.18
40.78
41.46
41.55
41.53
40.71
40.01
40.73
41.39
40.43
41.03
40.05
41.3
40.81
40.11
40.42
40.08
40.32
41.49
41.6
40.44
40.23
41.27
40.15
38.97
40.79
39.7
35.45
35.93
33.78
35.86
35.66
33.02
34.12
34.7
34.84
34.29
34.97
34.49
34.25
34.71
34.49
34.13
30.5
31.64
31.97
31.16
30.54
33.03
35.01
35.67
34.29
33
32.58
31.29
30.74
29.31
25.46
22.24
23.03
21
23.6
23.57
21.41
21.1
22.89
22.97
20.92
19.05
20.5
17.83
14.88
10.48
10.22
12.13
14.7
15
16.6
17.78
16.78
15.6
17.34
18.08
18.61
17.76
17.4
14.58
15.93
16.06
10.02
5.42
4.74
6.26
9.81
11.99
13.76
14.14
13.96
11.39
5.34
4.76
6.09
6.11
6.47
7.61
10.33
11.24
11.11
9.53
9.87
6.78
4.6
5.17
7.7
9
9.78
9.38
9.22
8.27
9.54
10.13
11.13
11.48
11.3
12.29
12.66
11.93
12.16
11.79
11.82
12.98
13.62
14.95
14.81
14.09
14.28
14.47
14.44
15.61
14.86
15.33
16.19
15.49
14.38
14.62
15.01
13.81
11.23
13.24
12.32
13.58
12.55
11.7
12.93
12.68
12.74
12.86
12.84
12.52
12.93
13.4
14.21
14.25
14.45
14.1
14.48
14.71
15.32
14.8
15.12
15.09
15.29
16.15
16.29
16.51
15.91
15.08
14.77
12.28
11.96
8.85
8.69
8.63
6.78
7.15
8.85
8.1
8.02
8.35
6.73
7.24
9.28
8.29
9.31
9.12
8.64
9.11
9.26
9.28
9.37
9.58
9.63
8.82
9.3
9.18
9.39
9.47
9.53
9.64
9.44
9.68
9.83
10.16
10.63
12.66
16.18
15.56
15.58
14.6
11.2
10.84
10.98
13.44
14.96
14.5
14.37
14.7
15.44
14.28
11.05
10.97
14.9
16.44
18.58
18.68
11.46
11.27
16.39
16.17
19.51
20.51
16.7
33.24
32.99
31.75
32.44
34.53
30.15
31.87
29.47
31.98
32.95
35.99
33.91
24.96
27.22
33.24
33.55
36.33
34.34
36.83
40.53
43.42
42.65
41.7
42.44
38.18
32.78
31.96
24.67
30.92
37.84
33.73
40.37
42.46
43.39
41.96
41.46
40.46
43.92
45.19
48.11
50.68
49.42
48.03
46.83
44.39
45.66
47.48
49.18
50.01
50.96
52.41
48.88
45.93
44.62
45.66
47.09
47.56
49.01
46.78
49.46
39.94
40.93
34.34
42.08
45.37
46.17
45.38
45.09
45.83
46.44
46.41
45.71
43.87
45.15
46.93
47.38
46.72
46.18
48.54
46.17
44.73
42.02
44.04
44.42
46.42
47.61
50.32
49.8
47.99
46.68
39.19
39.13
38.71
38.79
39.48
40.19
40.3
39.19
38.95
39.18
39.1
39.24
40
40.23
40.44
40.1
40.79
40.97
41.19
40.61
41.05
39.85
39.79
40.47
39.77
39.88
39.14
38.04
40.17
40.94
40.42
40.62
40.7
40.01
40.15
40.04
40.75
40.83
39.58
39.87
39.04
38.45
39.32
40.12
40.5
40.1
39.8
40.16
40.04
40.33
40.48
38.99
39.78
38.82
38.57
38.76
38.68
38.39
37.88
38.74
39.08
33.08
32.47
31.86
30.95
32.27
31.64
31.83
32.57
31.71
31.7
32.31
33.12
33.14
32.88
31.1
32.51
32.36
31.06
28.75
28.97
30.81
30.97
30.78
23.07
27.32
28.66
29.7
30.84
29
26.65
27.47
21.34
23.22
24.41
23.07
21.6
21.44
23.63
24.68
12.31
10.65
10.44
14.8
17.41
20.27
21.76
20.66
19.7
19.43
17.44
18.35
17.28
14.08
17.5
16.28
16.63
18.65
18.84
18.38
15.56
15.77
14.68
4.41
4.27
3.92
4.44
5.87
8.33
7.31
4.21
6.78
7.33
6.61
7.02
7.05
8.67
8.74
9.39
7.95
10.11
8.42
7.99
3.3
3.98
3.39
3.04
2.52
1.6
0.22
1.99
1.47
-1.83
9.03
9.37
9.05
8.91
6.97
8.05
8.02
8.28
7.54
9.61
9.23
8.56
8.34
8.62
7.73
8.86
8.95
9.4
9.41
8.63
9.81
9.3
8.98
8.88
8.13
7.84
8.85
8.99
8.61
9.25
8.39
11.47
11.5
12.09
12.05
12.46
12.22
12.49
12.41
11.77
12.35
12.63
11.35
12.2
12.1
11.77
11.27
11.43
12.29
12.56
12.65
11.55
11.31
12.42
12.78
12.44
13.29
13.21
12.99
11.25
12.16
9.14
9.03
9.05
9.1
9.17
9.17
8.94
8.03
8.6
8.69
7.48
7.93
9.29
9.35
9.52
9.84
12.41
12.62
12.94
12.77
13.43
14.35
15.05
13.86
11.69
9.6
9.84
9.93
12.87
14.74
17.81
22.22
22.55
20.63
15.25
17.99
12.37
11.11
10.78
12.01
12.62
14.48
14.36
16.89
14.61
12.95
10.84
14.03
18.5
18.76
18.65
20.15
19.37
20.51
22.49
16.63
15.12
14.41
13.62
17.57
21.11
23.84
40.04
42.05
39.55
39.97
39.71
40.63
36.1
32.14
34.22
42.85
45.11
43.81
40.1
41.26
35.35
38.59
39.02
38.49
35.32
32.49
35.14
39.53
38.65
38.16
41.47
41.2
41.31
43.52
45.52
45.28
43.6
40.66
42.37
44.5
43.52
46.02
44.56
44.22
45.39
45.29
45.55
45.29
46.23
46.96
45.52
47.98
45.65
44.48
44.46
45
43.98
44.65
46.95
45.13
44.76
48.92
49.63
47.43
46.73
39.04
38.95
43.84
44.67
43.97
43.41
40.71
42.93
43.52
42.86
47
44.11
43.52
44.4
45.45
46.88
45.73
45.95
46.05
46.67
46.74
47.13
48.36
48.16
44.68
44.46
42.23
42.06
44.73
44.22
38.95
39.89
39.46
40.27
39.63
38.73
39.64
39.94
40.1
40.39
40.44
40.65
39.85
40.27
41.82
41.72
40
39.55
38.94
40.2
39.5
39.65
39.75
40.56
40.15
39.94
39.66
40.78
40.76
39.02
40.13
38.95
38.33
39.57
39.82
40.17
40.69
40.99
40.81
41.01
40.43
39.93
40.69
40.76
39.89
39.23
39.92
40.12
39.15
37
38.2
39.27
39.26
37.34
37.76
39.27
39.95
40.26
40.32
40.75
41.23
36.4
35.86
28.98
27.53
28.44
30.64
31.63
32.81
33.35
32.06
32.1
30.55
28.18
31.58
31.39
32.04
30.21
27.32
26.57
28.14
28.13
22.8
25.25
26.4
27.32
28.52
28.94
28.74
28.56
26.25
27.42
21.33
19.68
19.77
21.16
22.65
22.64
23.62
23.45
23.25
22.66
21.76
22.06
22.29
23.83
23.13
21.01
14.54
18.44
20.23
21.74
20.74
18.42
15.59
12.64
13.7
12.33
15.32
14.4
10.75
9.29
9.61
4.15
4.47
5.28
6.03
5.59
2.72
5.49
1.69
1.75
3.98
3.08
3.24
3.84
3.53
3.78
3.66
3.86
3.71
4.1
3.65
3.76
2.67
1.43
-0.07
0.88
2.28
3.05
3.13
2.64
4.15
10.85
8.67
8.15
9.29
9.12
8.17
8.53
9.02
8.7
6.45
9.16
9.46
8.72
8.24
7.18
9.34
8.14
7.82
7.23
9.33
8.68
7.44
8.05
8.02
7.75
8.2
8.4
8.27
9.18
8.36
10.13
12.89
12.94
13.12
11.92
13.08
13.19
13.16
13
12.87
13.03
13.5
11.99
13.07
13.57
14.36
14.86
13.77
13.37
14.32
14.8
14.93
14.35
13
12.59
11.87
12.59
12.54
13.31
12.9
13.03
9.21
9.45
9.44
10.14
11.17
12.39
12.69
13.19
13.53
13.14
12.53
11.5
13.26
14.27
15.04
16.03
17.89
19.91
19.63
19.21
17.86
16.12
11.55
9.91
11.73
9.98
10.39
12.25
16.18
16.83
13.57
18.03
19.84
21.62
17.93
14.98
18.96
14.36
18.5
18.62
16.87
16.94
16.39
18.69
19.33
11.93
11.42
15.32
17.78
18.78
20.36
22.61
23.26
21.47
19.61
23.69
20.76
21.47
22.42
23.21
23.23
24.3
36.03
30.92
27.01
27.86
35.53
40.39
41.86
40.5
30.55
26.96
38.39
38.55
40.32
31.45
36.01
43.56
34.4
36.37
38.17
39.75
40.84
44.04
42.28
43.83
41.01
41.16
42.28
38.56
44.6
45.68
42.36
39.49
42.49
47.35
44.29
45.05
48.59
51.59
53.28
52.75
51.22
50.92
55.07
52.62
44.56
44.23
45.1
48.22
46.19
46.29
45.19
45.19
45.49
47.78
48.22
46.56
46.29
43.1
45.69
44.61
45.68
44.06
43.33
43.02
44.24
45.4
44.87
45.55
43.71
43.78
44.72
47.57
49.63
46.46
47.94
46.78
46.36
44.19
46.42
48.89
47.58
46.89
45.45
46.16
44.48
45.24
46.62
46.79
46.9
40.25
40.09
41.03
41.09
40.73
41.57
41.27
41.25
41.5
40.17
40.98
40.41
41.45
40.86
40.13
39.89
38.59
39.89
40.69
40.93
41.05
40.83
41.43
40.65
36.94
37.59
38.78
38.1
38.82
38.74
38.16
41.35
41.74
41.88
40.29
40.76
41.46
41.54
41.75
41.6
40.88
41.09
40.25
35.99
38.64
34
32.71
35.01
35.2
38.02
37.83
38.52
38.67
38.22
36.39
37.36
35.37
36.76
37.85
38.05
37.8
32.05
32.42
32.61
32.22
31.02
30.8
31.23
28.65
29.67
29.26
25.92
27.32
27.22
26.63
25.78
26.63
25.24
27.78
28.21
27.34
27.14
24.61
26.62
28.22
28.96
30.19
30.72
29.34
29.64
28.28
27.72
23.89
17.59
18.27
19.76
20.92
21.81
18.52
21.59
23.16
23.42
22.95
22.69
22.69
22.98
18.69
11.43
11.24
12.51
14.95
17.83
16.89
13.85
17.22
16.89
16.91
15.88
15.93
15.3
9.51
10.33
12.01
5.87
5.84
9.41
7.13
3.86
7.03
2.24
2.86
3.22
3.53
2.71
1.49
0.17
0.13
2.38
0.54
0.2
0.56
1.15
2.1
2.43
0.19
-0.24
0.54
0.28
0.75
0.44
0.41
0.21
-0.79
7.33
7.34
8.37
7.77
8.4
8.83
8.29
8.53
8.1
7.83
8.26
8.19
8.02
8.11
7.99
7.41
8.11
7.66
7.69
6.89
6.29
6.25
8.09
7.97
7.69
6.3
7.74
8.87
9.68
8.86
9.12
12.4
13.13
13.32
12.69
13.21
13.34
13.65
14.92
15.07
15.2
13.55
13.27
13.24
14.38
15.23
15.52
14.51
15.5
15.04
14.84
15.17
14.11
14.91
13.44
13.38
13.33
13.3
13.27
12.95
13.06
8.96
8.85
9
9.26
9.3
11.51
9.75
10.84
10.14
11.94
12.59
13.29
13.85
16.4
14.13
14.06
12.68
12.64
15.41
16.8
17.74
15.58
12.7
11.09
14.92
15.91
18.98
18.82
20.08
20.61
22.17
26.34
25.77
23.88
19.95
14.8
16
19.06
23.13
23.39
21.28
21.47
23.75
21.06
21.54
18.89
18.06
18.65
21.27
19.4
23.09
22.81
23.84
23.18
22.47
24.33
26.7
24.68
24.34
24.89
25.57
18.93
30.29
40
30.48
36.87
37.07
40.13
37.29
31.94
32.95
39.73
40.35
35.8
38.37
30.01
38.1
42.22
43.52
38.46
40.78
39.94
43.04
43.16
43.81
42.53
46.68
45.54
47.57
50.26
53.99
55.28
55.08
51.45
46.16
42.87
42.77
43.73
44.65
48.02
42.63
46.52
44.96
45.98
45.96
45.38
49.45
49.86
49.79
50.18
52.19
49.81
47.93
45.52
45.33
48.79
52.15
53.08
52.02
53.02
52.09
47.52
48.07
49.16
49.02
48.28
45.83
45.82
40.94
41.79
43.54
46.2
47.13
47.01
46.52
46
47.47
48.28
49.07
49.78
48.65
47.35
46.58
47.04
49.1
47.77
46.69
46.78
48.94
49.24
45.62
40.81
41.09
41.25
42.14
41.97
41.36
39.28
40.83
41.48
38.73
38.35
38.33
38.25
38.27
39.7
38.44
38.72
39.93
40.88
41.09
41
40.88
40.8
41.05
40.52
40.06
41.99
40.44
41.01
41.07
41.17
41.02
40.3
40.78
41.29
41.56
41.47
37.4
36.03
39.36
39.59
39.56
37.51
37.37
36.25
34.12
37.08
37.21
38.65
37.77
37.69
36.15
36.91
38.76
39.69
39.08
39.33
39.45
38.46
38.72
38.71
33.86
35.29
35.06
34.07
32.85
32.33
32.91
31.51
29.35
28.62
26.93
26.33
27.02
25.68
25.68
25.79
25.83
26.56
27.17
27.88
27.45
21.9
20.09
24.39
25.81
27.28
28.44
28.94
28.29
27.56
27.3
21.09
19.38
20.09
20.71
16.76
15.15
15.47
16.63
18.52
18.6
18.06
17.68
16.81
15.98
18.08
15.56
13.38
9.98
9.95
10.15
10.13
10.2
10.84
12.69
12.04
13.35
12.53
11.02
11.09
10.92
10.75
6.26
7.42
8.92
9.28
9.59
8.66
5.26
6.6
7.47
8.03
7.56
7.15
9.69
8.95
5.19
3.8
5.48
7.45
6.28
8.11
5.43
4.13
7.14
8.92
8.66
9.82
3.02
1.3
1.65
1.06
9.25
8.97
6.84
5.8
6.4
6.93
8.02
8.45
6.72
7.9
7
8.61
7.68
6.97
6.71
6.6
6.68
9.49
9.26
9.37
9.85
10.09
10.06
10.26
10.12
9.91
10.05
9.75
7.27
8.33
10.02
12.75
13.08
13.01
13.39
13.37
13.45
14.38
15.71
16.56
16.24
16.98
16.82
15.49
13
13.08
12.9
13.04
13.24
13.29
14.59
15.35
15.79
13.27
14.58
14.67
15.72
16.41
17.83
15.15
17.67
14.8
16.96
10.69
9.76
13.8
16.6
9.76
10.12
9.36
10.06
11.05
11.67
12.75
16.56
13.61
11.07
9.81
10.91
14.08
10.23
9.55
10.89
13.83
15.47
15.66
17.77
18.5
13.79
13.1
9.66
14.8
18.04
21.79
20.63
20.1
21.44
18.98
20.16
19.19
20.47
20.24
17.76
20.89
22.52
25.21
26.65
27.29
25.71
18.94
16.76
19.28
22.02
23.72
21.77
21.41
22.62
15.44
20.24
20.11
13.23
11.29
10.91
21.77
35.71
30.39
33.77
32.98
35.63
36.03
33.55
37.64
32.84
42.89
44.78
39.85
42.04
42.53
40.74
44.41
47.25
38.44
38.46
35.34
38.34
40.92
39.93
42.92
41.17
41.58
42.43
46.21
44.23
43.16
44.38
45.16
46.66
45.29
44.18
44.95
43.85
44.62
44.66
48.91
48.82
48.06
47.09
46.32
40.62
50.66
49.72
49.92
51.05
49.62
50.42
50.55
49.82
48.82
48.59
48.92
46.7
48.85
50.49
46.58
47.38
46.18
43.7
44.52
46.42
48.07
46.55
46.72
44.67
45.14
46.09
45.47
45.64
45.08
45.31
42.17
46.74
47.56
45.82
47.42
45.92
45.39
44.73
44.95
44.49
45.23
47.08
47.02
47.56
40.72
40.81
40.53
38.87
38.92
39.45
38.46
40.2
40.95
40
40.2
39.17
38.82
37.79
39.75
39.86
38.7
38.43
39.22
39.42
39.66
40
39.74
39.45
39.54
39.38
39.45
38.98
38.41
38.25
36.02
39.48
39.62
39.55
40.2
40.26
39.19
34.83
34.02
38.15
38.94
38.88
38.65
35.49
37.48
38.03
38.2
38.63
39.47
39.9
39.69
39.46
38.78
37.63
36.62
35.36
36.49
36.71
36.93
37.94
36.23
31.8
31.59
30.2
22.95
26.18
27.6
28.99
29.47
28.28
23.49
21.2
22.28
25.53
23.62
22.25
25.12
24.3
24.45
23.62
23.95
26.15
26.57
24.74
19.37
21.14
23.66
23.7
24.81
24.13
22.14
22.15
16.08
17.4
14.98
18.43
19.64
19.24
15.33
17.04
14.89
15.57
15.82
15.36
14.78
15.03
15.85
13.46
15.99
15.84
15.82
16.42
14.55
10.06
10.07
9.69
10.13
11.19
12.1
10.15
10.13
10.72
9.28
2.78
3.78
3.71
2
3.99
3.86
4.02
2.86
2.56
1.48
0.56
0.54
0.73
1.14
-0.02
2.7
3.5
3.94
3.76
4.04
4.43
7.31
7.11
4.15
4.16
3.78
3.31
3.1
3.69
4.19
11.14
11.41
12.09
11.61
10.16
11.11
11
11.2
10.19
10.85
11.59
12.52
12.59
12.78
12.84
13.81
10.73
10.59
9.83
9.31
9.35
7.63
8.97
9.92
9.91
9.26
9.56
9.57
9.84
9.96
10.27
12.89
12.84
12.86
11.91
12.53
12.23
12.96
12.95
13.15
13.31
13.87
14.86
14.79
13.96
14.17
14.71
12.66
12.69
12.76
12.91
12.59
13.11
12.89
13.13
12.8
13.1
13.24
13.26
13.45
13.47
10.13
13
13.62
13.62
11.35
9.66
12.12
13.91
14.87
14.88
12.42
13.25
13.18
10.38
9.7
9.73
9.55
12.3
13.79
14.57
18.84
20.83
22.18
21.8
18.16
14.03
16.28
16.9
15.59
11.93
12.63
19.13
17.5
14.64
16.53
18.29
21.2
19.6
19.85
18.97
19.72
20.53
20.08
18.3
20.67
20.81
20.76
23.92
23.78
21.5
22.83
23.08
23.18
21.96
22.76
25.21
24.4
25.15
26.02
25.32
26.04
26.16
42.26
42.21
44.96
43.34
43.1
45.77
47.61
44.71
47.15
45.77
42.47
43.31
41.79
40.35
41.17
41.86
41.62
38.3
42.11
40.38
43.03
40.34
40.89
41.47
41.83
44.57
42.77
42.35
41.15
42.36
48.33
48.02
47.62
49.41
49.71
48.95
43.9
44.32
46.09
47.65
49.79
50.09
49.66
49.76
49.58
51.92
48.36
50.79
51.72
50.03
51.15
53.26
55.47
56.35
54.51
47.61
47.53
49.05
50.46
47.07
42.48
45.15
46.23
44.23
45.74
46.96
45.75
47.14
47.28
46.9
45.44
43.61
44.16
42.48
44.7
44.39
45.53
46.33
45.03
45.33
45.63
46.07
45.47
44.58
47.04
46.97
46.41
47.53
45.72
41.13
41.11
39.9
40.29
38.24
40.27
40.46
39.9
40.27
40.65
40.37
40.17
38.39
38.1
38.93
39.22
38.6
38.47
38.95
39.65
37.95
37.08
37.11
37.83
38.57
36.65
36.77
37.3
38.04
38.22
38.32
39.28
39.02
38.83
38.88
38.91
38.31
36.49
35.11
37.17
37.76
38.03
38.45
36.54
35.9
36.22
36.48
37.68
36.88
37.45
36.08
37.84
38.3
38.56
38.61
38.34
37.56
37.1
35.3
34.38
33.89
28.76
26.76
24.02
23.79
27.81
26.71
25.49
19.08
19.53
23.23
23.36
23.31
24.39
25.86
28.05
27.45
26.58
27.87
28.19
27.47
26.71
25.82
25.45
26.31
26.31
22.7
18.9
17.97
17.91
18.34
17.64
10.64
13.48
14.13
14.85
16.06
14.78
12.25
14.37
16.02
15.95
16.9
14.42
13.69
15.78
16.91
16.87
16.85
15.14
16.55
16.68
16.26
16.35
16.42
16.6
16.92
16.51
15.56
12.5
10.66
10.16
10.88
3.92
2.63
4.58
6.58
7.32
7.59
4.76
7.05
7.64
9.3
9.82
8.53
8.03
8.85
8.22
8.03
10.45
10.35
12.46
13.81
13.37
13.63
11.72
3.82
4.41
3.92
4.39
3.58
3.63
3.41
7.35
8.14
7.03
8.46
9.06
7.7
9.49
6.29
8.19
9.58
9.37
9.87
10.5
9.39
10.45
9.2
9.07
9.75
8.86
10.12
10.49
10.6
10.5
10.5
10.94
12.1
9.98
11
10.99
11.33
12.66
13.38
13.05
13
13.58
14.48
15.16
14.02
13.38
13.34
13.31
13.3
13.22
13.26
13.18
13.33
13.24
13.41
14.78
15.5
14.75
14.88
15.65
14.92
13.35
13.3
13.54
14.26
16.11
15.52
14.36
9.5
9.07
8.89
8.95
9.15
9.05
9.23
9.59
9.82
12.52
14.17
15.25
15.02
13.16
10.21
12.38
11.38
14.79
15.41
16.24
16.16
15.37
16.32
15.53
16.98
15.2
15.45
15.16
12.99
15.48
16.94
20.85
23.06
20.9
18.65
17.59
23.3
23.52
22.17
24.02
24.46
26.07
26.38
26.19
26.19
24.8
24.54
22.91
22.31
23.45
23.12
23.95
23.87
22.83
24.78
23.32
23.58
23.21
24.05
25.27
22.05
21.26
39.22
42.6
41.72
40.74
42.43
43.85
40.21
44.01
40.38
40.07
42.89
44.96
45.28
45.06
44.85
45.13
43.45
40
38.51
40.28
35.95
43.84
44.39
45.39
47.16
47.69
44.71
45.22
46.1
46.18
46.1
48.06
45.35
47.65
48.52
48.79
51.16
52.25
50.45
50.56
51.71
51.51
52.14
52.78
50.68
53.34
54.38
53.69
54.77
50.53
50.09
48.03
50.59
49.88
50.98
51.21
44.15
47.39
50.48
46.34
41.32
42.59
45.35
41.43
44.5
44.96
44.67
41.38
43.14
45.25
47.88
44.85
46.2
46.33
45.53
46.57
47.79
47.99
46.33
46.51
46.95
46.62
45.53
45.58
45.4
42.85
43.47
44.59
45.91
39.96
40.18
38.25
36
37.55
38.22
38.63
39.59
39.79
39.36
39.15
38.81
37.98
38.63
38.31
38.42
36.55
36.31
35.66
35.47
37.83
38.61
38.48
38.65
38.51
38.8
38.57
38.4
38.11
36.02
38.04
39.63
40.47
40.47
39.98
39.63
39.16
35.82
34.38
37.66
37.59
37.56
37.54
37.96
35.65
35.72
37.48
37.98
38.62
38.49
38.68
38.24
36.38
37.37
34.58
34.74
34.57
34.4
35.78
35.69
35.21
26.84
25.75
26.09
29
29.09
26.63
26.23
25.11
24.81
23.73
20.56
20.51
18.38
22.28
24.92
23.35
18.58
20.09
20.1
19.44
17.94
17.63
18.05
19.35
20.93
19.69
18.89
17.67
18.07
18.54
19.04
9.8
10.59
9.05
7.96
7.17
7.94
8.33
8.72
8.38
8.68
6.9
8.52
8.43
7.68
9.12
7.18
9.25
9.23
9.05
8.14
8.76
8.88
9.17
8.61
8.02
7.39
6.78
7.17
6.69
6.53
5.79
0.23
1.11
-0.13
-0.13
-0.74
-1.4
-2.77
-0.97
-1.62
-1.59
-1.78
-1.75
-0.42
1.17
2.47
3.25
2.76
0.34
0.11
1.39
2.02
1.54
1.55
1.64
-1.23
-1.46
-2.35
-1.44
-2.56
-0.95
8.4
6.42
8.82
9.47
10.27
10.82
10.14
8.02
9.04
9.16
9.47
8.77
8.27
8.88
9.01
9.79
10.28
10.09
10.05
10.73
10.84
10.96
10.77
10.72
10.92
11.16
11.18
11.02
12.36
15.06
12.99
15.95
16.01
16.08
15.7
15.77
15.37
14.38
12.89
12.84
12.52
11.83
12.59
12.86
13.06
13.23
12.7
13.29
13.43
15.49
16.24
16.46
14.76
15
15.45
15.98
16.35
15.05
18.09
17.26
17.49
13.67
16.4
13.28
15.85
15.32
14.67
11.66
14.84
11.73
9.78
9.59
9.75
11.91
15.57
15.04
13.19
9.96
11.6
11.67
9.8
9.66
13.16
16.89
11.36
10.8
16.53
16.87
20.29
21.09
20.16
20
24.9
22.26
18.49
19.36
19.4
22.49
22.55
22.67
22.38
16.43
17.15
18.7
20
20.35
20.75
20.88
22.58
22.83
21.91
21.88
23.24
24.72
20.52
15.66
23.14
23.45
21.46
23.75
22.41
23.26
21.16
42.5
45.38
44.59
41.72
40.57
41.9
42.12
46.52
45.52
41.06
41.72
43.55
43.39
45.08
44.97
46.51
44.4
44.78
45.92
48.62
47.29
47.92
47.03
45.59
46.06
45.88
45.43
44.57
47.23
49.61
48.96
49.68
49.95
50.89
51.66
52.55
50.84
51.34
52.22
53.44
53.49
51.61
51.28
51.49
48.93
50.18
51.44
53.55
52.74
52.45
52.74
53.68
54.35
50.84
50.22
50.91
48.88
52.12
54.69
49.24
47.96
45.55
46.48
47.66
49.03
46.79
48.01
47.63
48.97
48.59
47.78
46.93
46.92
48.05
48.18
45.61
48.74
49.27
49.08
49.98
47.4
49.1
48.25
50.61
49.56
45.13
44.68
45.96
44.5
40.05
38.3
39.11
37.34
38.39
37.87
39.39
41.08
40.52
41.15
38.85
39.57
41.1
40.87
40.03
39.43
39.81
39.8
39.48
39.51
38.68
39.28
37.98
38.5
39.98
41.24
41.36
40.35
37.9
38.29
34.81
38.48
38.49
39.22
40.38
41.53
42.03
41.67
40.92
40.87
40.62
40.67
39.99
38.69
35.76
36.22
36.19
33.92
33.65
35.71
36.25
36.7
35.63
29.75
27.4
30.86
33.16
33.48
34.85
32.23
32.44
24.65
26.32
26.63
24.98
23.65
24.58
25.6
21.45
23.35
24.97
22.43
21.55
17.72
17.93
20.32
21.42
18.58
20.78
22.92
22.6
22.93
23.17
23.41
23.42
18.83
17.87
19.99
19.25
19.89
17.36
17.55
10.2
10.41
12.85
13.3
12.07
10.65
8.72
9.86
10.03
9.81
9.77
8.85
9.58
10.18
10.11
10.32
10.71
13.02
11.88
13.23
12.77
12.83
13.34
13.35
12.9
11.81
11.37
10.72
10.54
10.27
11.24
5.78
5.71
4.58
6.77
7.17
4.53
3.2
2.53
4.17
-0.17
3.86
3.15
1.02
-0.55
-0.08
-1.72
-2.06
0.65
-0.89
-3.03
-2.55
-1.39
-0.39
-0.55
-1.4
-1.73
-1.64
-0.78
-0.52
-0.08
8.67
10.06
10.22
8.87
10.49
10.81
10.6
10.45
10.61
9.92
9.98
8.19
8.49
9.92
10.03
10.38
10.75
10.55
10.66
10.8
10.96
9.89
9.26
10.68
10.86
10.67
10.93
11.52
10.85
10.85
10.84
13.88
14.9
16.19
16.14
14.58
15.29
13.4
14.1
15.5
14.26
13.16
12.94
13.48
13.96
16.37
16.33
16.94
17.95
16.31
16.66
18.77
15.21
16.69
17.87
17.41
14.67
13.33
13.43
13.95
16.85
18
20.47
19.89
12.53
10.16
14.83
13.5
15.55
13.12
10.03
12.97
9.76
9.78
11.87
12.47
12.91
16.48
14.39
16.9
15.99
12.22
16.05
16.46
15.01
13.16
13.07
15.77
17.29
16.64
20.24
21.23
17.44
20.72
24.43
21.47
16.22
16.03
18.08
21.86
21.14
21.38
21.34
21.8
22.18
22.49
23.66
24.94
23.55
23.26
22.95
22.45
22.01
22.22
24.65
24.56
24.94
24.75
25.32
23.3
23.01
23.84
25.31
44.73
44.78
46.21
42.81
41.87
44.8
39.68
38.66
40.39
45.42
43.62
46.58
47.35
48.88
49.52
47.92
45.46
45.67
47.68
47.89
45.53
46.35
45.52
38.1
36.15
44.11
47.38
44.25
47.46
50.56
51.99
49.82
50.53
51.78
51.46
52.92
53.72
54.39
51.74
51.69
52.24
53.72
56.3
57.13
53.22
50.12
50.16
53.12
50.25
48.26
48.31
51.84
53.29
53.55
53.98
52.49
50.25
49.23
48.05
48.58
45.33
46.09
44.55
45.53
47.74
47.61
47.96
47.12
47.99
48.8
48.9
48
46.82
47.01
47.47
47.06
48.04
47.29
45.92
44.94
46.48
45.99
46.86
46.46
46.81
47.19
46.89
37.93
43.79
45.62
39.75
38.8
38.82
39.48
39.61
39.65
39.78
39.79
39.61
39.67
40.62
40.07
40.24
39
37.83
39.89
40.12
40.36
41.48
42.33
42.44
40.57
38.37
36.5
35.27
37.08
38.2
38.39
38.31
38.27
37.86
37.89
37.81
36.56
31.95
35.67
37.01
37.52
37.3
37.09
36.51
36.39
35.83
36.45
35.68
36.55
35.43
34.46
30.7
32.23
33.23
34.17
34.75
34.55
34.11
33.36
32.05
29.04
33.01
32.87
34.25
26.93
26.93
26.14
19.14
17.93
17.94
18.23
18.19
17.83
18.8
21.89
21.49
19.32
17.33
17.59
17.79
17.73
18.49
20.06
20.43
20.52
21.23
21.25
17.63
17.57
17.6
17.63
17.42
17.61
17.83
17.96
11.19
12.27
11.92
11.58
13.16
10.75
10.11
10.7
10.16
9.57
9.78
9.11
8.93
8.21
8.53
8.28
8.9
9.4
9.03
9.12
6.6
8.12
6.7
6.49
5.92
5.61
7.83
8.22
8.49
8.65
7.82
1.94
3.13
1.59
3.5
3.47
3.28
1.09
1.49
3.78
3.03
2.15
1.19
0.19
-1.14
0.66
-0.31
-0.52
-0.91
-1.66
-2.61
-2.23
-2.61
-3.07
-3.47
-2.7
-2.05
0.52
2.5
1.64
2.61
8.97
10.52
10.08
9.54
8.72
8.28
9.46
9.2
8.44
10.01
10.38
10.45
10.17
9.95
10.22
10.74
10.68
10.92
10.94
10.74
10.97
11.02
10.58
10.51
10.83
11.12
10.9
10.84
10.9
12
12.93
15.24
14.3
13.18
15.59
16.11
14.62
14.08
13.98
14.36
15.45
13.47
13.16
13.18
13.42
13.32
13.18
13.44
15.54
16.84
17.32
15.05
14.55
15.65
16.32
13.41
15.31
16.38
17.24
17.81
19.6
18.3
18.13
17.84
15.88
11.51
15.02
13.1
10.3
12.48
15.88
16.02
18.5
19.22
17.61
15.08
18.26
17.4
17.1
18.55
14.53
13.13
17.08
18.42
19.86
18.26
17.84
19.69
20.81
19.47
20.17
20.03
17.99
20.46
20.71
21.51
22.63
24.77
19.05
17.94
16.22
20.72
21.21
18.83
20.94
21.66
22.36
22.77
23.12
23.24
22.94
23.11
23.17
22.82
23.45
22.73
23.44
25
24.8
26.35
24.18
23.66
24.59
47.08
47.31
46.15
46.05
46.35
45.07
45.6
45.11
45.46
46.7
45.36
46.83
46.16
47.63
48.64
45.39
45.77
46.82
48.8
48.08
48.88
48.37
47.81
48.39
49.02
49.89
48.59
43.84
44.26
49.81
50.56
50.23
50.21
50.85
50.51
50.19
50.92
48.79
51.51
52.42
52.91
53.99
54.68
54.29
49.96
50.31
52.52
52.15
50.35
51.74
51.11
51.65
49.86
51.06
49.68
49.55
51.18
52.15
51.78
46.9
45.11
44.48
47.58
47.9
47.16
47.61
46.41
47.9
46.71
47.94
47.86
47.33
45.57
45.86
48.06
48.69
46.71
45.04
46.92
47.59
48.82
49.19
45.05
47.58
43.85
44.28
46.38
47.62
49
42.03
40.78
39.82
38.34
39.77
38.82
37.83
38.86
40.14
39.99
36.78
36.28
36.45
37.81
37.9
30.92
32.78
35.13
35.57
36.19
31.97
37.42
38.46
38.75
38.92
39.33
39.94
39.4
38.87
38.77
38.41
39.45
39.37
39.04
38.14
37.25
34.88
35.4
36.48
31.87
30.31
29.19
32.89
35.27
35.18
34.4
34.81
35.52
35.92
36.14
35.65
35.46
33.36
35.8
36.45
36.76
36.11
35.88
34.54
35.13
34.63
26.63
25.72
25.29
24.67
26.11
27.53
27.52
28.5
25.06
25.18
26.3
22.07
21.38
22.55
20.05
17.55
17.46
19.15
20.05
21.84
23.4
22.88
22.19
22.68
21.97
22.23
23.55
23.7
23.58
21.9
21.22
16.74
15.88
14.45
12.92
13.85
13.27
15.52
13.15
13.79
7.24
8.03
8.54
7.18
8.79
8.57
9.74
10.16
9.4
8.89
8.43
5.56
7.38
6.84
6.26
7.87
5.5
3.58
3.77
4.6
5.79
7.18
1.09
1.5
1.5
0.94
3.99
3.63
0.63
0.55
1.69
-1.06
0.49
-1.16
-2.39
1.45
0.02
0.27
0.83
-0.22
0.75
1.13
1.78
4.06
1.44
4.71
4.61
4.64
0.64
3.1
2.39
-0.17
7.89
8.6
7.6
10.39
10.21
10.59
10.91
10.96
11.1
11.34
11.46
11.36
11.32
11
10.85
10.95
10.53
10.82
10.8
10.61
10.6
10.02
10.66
10.85
10.66
10.98
11.19
13.05
16.26
15.45
15.41
13.83
14
15.08
14.35
15.56
16.17
15.44
17.01
17.41
17.56
17.06
17.62
19.18
20.76
19.76
18.51
20.34
22.05
19.28
20.02
21.79
23.4
19.35
16.35
16.08
19.82
20.48
20.77
21.13
20.07
13.3
12.6
15.47
17.09
17.24
17.76
19.69
20.25
21.76
19.85
14.28
16.14
19.51
20.62
21.84
22.15
20.15
15.56
21.1
21.61
21.9
20.67
21.65
22.79
19.68
17.56
19.67
20.97
20.94
19.16
16.58
22.25
22.12
21.93
22.61
24.48
24.62
24.21
24.5
22.38
23.59
18.92
19.53
23.95
19.2
22.42
23.5
22.68
24.09
26.3
26.77
27.41
26.79
25.05
24.92
25.72
24.8
24.26
24.35
24.67
26.1
26.55
47.04
48.62
46.79
47.41
46.03
47.72
46.8
48.18
44.68
49.08
39.84
49.4
48.26
46.2
42.49
45.68
46.03
45.27
48.02
47.64
47.15
48.59
48.77
48.77
48.54
45.98
43.21
47.69
51.65
52.36
54.27
53.14
49.86
49.56
52.58
53.94
54.24
53.51
52.02
50.86
51.75
51.96
51.86
49.69
50.09
52.49
50.84
48.66
49.83
48.66
50.33
45.88
49.22
51.09
52.89
52.68
53.81
53.42
50.42
44.46
43.93
43.6
44.76
46.33
45.84
45.64
44.6
44.19
44.79
46.18
46.16
44.11
45.18
45.8
46.16
45.72
47.1
47.05
44.53
45.42
42.56
44.55
43.14
44.31
43.02
43.52
43.31
43.29
43.89
38.5
37.96
38.04
37.05
38.49
38.7
38.7
38.61
36.9
36.84
36.27
36.72
37.57
36.77
36.35
33.88
34.16
34.76
36.79
36.2
34.62
35.45
34.82
34.24
35.65
33.54
33.87
34.24
35.53
36.08
36.8
32.62
36.21
36.42
36.14
35.45
35.61
32.46
34.81
34.72
32.25
32.4
35.46
35.69
36.47
36.84
36.9
36.51
36.46
36.56
35.88
36.96
36.46
35.33
35.31
35.43
33.84
33.44
32.64
31.5
32.38
22.96
25.12
25.16
18.64
23.28
25.62
25.11
24.95
24.34
24.72
22.85
22.7
17.68
17.75
17.51
17.56
18.86
21.74
21.63
23.93
24.05
23.92
22.46
23.47
24.04
24.52
23.7
21.47
21.86
22
22.06
14.18
12.17
13.99
13.38
10.31
9.11
8.87
9.39
11.48
12.04
12.23
10.51
11.02
10.73
10.18
9.88
10.21
11.41
6.32
6.7
7.5
6
6.86
6.83
8.63
9.49
10.13
10.56
11.62
12.04
11.83
6.92
7.11
8.21
6.91
9.45
9.24
9.93
9.98
6.26
8.66
6.03
6.59
6.76
11.04
12.33
12.96
8.32
3.67
3.31
3.39
2.78
3.71
3.91
0.06
2.54
2.89
4.44
4.47
4.5
3.99
10.31
10.22
10.69
10.65
11.01
10.13
9.8
10.06
10.62
10.72
11.04
10.93
10.97
11.01
10.82
11.14
11.31
13
11.77
14.43
13
14.33
14.47
14.2
13.36
11.68
11.09
11.02
10.93
11.1
11.48
14.69
15.84
16.41
14.78
14.72
13.31
13.24
13.36
13.57
16.24
17.2
19.17
17.46
13.45
13.59
13.49
16.22
19.3
21.19
20.03
19.07
19.37
19.25
20.47
20.68
20.24
20.58
22.2
20.47
17.53
12.69
16.05
18.06
13.2
19.37
20.25
20.11
19.39
16.69
16.48
18.61
18.77
17.43
14.03
13.1
15.62
17.95
19.42
21.51
22.05
21.47
20.7
21.46
24.06
21.44
23.46
21.85
21.78
21.48
22.54
17.86
22.49
23.25
22.88
22.01
23.2
22.67
23.39
23.26
23.81
24.35
23.69
21.15
23.52
24.41
24.99
25.21
22.81
23.87
24.67
24.85
25.23
25.41
24.93
24.81
24.76
24.65
25.38
24.11
25.71
26.91
26.98
46.58
48.57
48.97
48.73
48.59
48.7
45.42
47.99
49.67
50.26
47.36
48.88
50.26
50.26
49.89
31.99
33.79
50.26
49.52
47.8
44.66
44.69
49.67
49.89
48.7
30.96
31.69
33.24
55.92
54.85
53.72
51.68
48.56
48.29
49.79
49.73
52.58
53.45
52.16
50.79
52.21
49.49
44.55
47.08
48.65
50.41
51.48
52.04
51.36
50.96
51.06
50.16
50.94
52.61
52.89
52.18
52.29
54.35
52.79
44.91
45.39
44.75
45.68
47
47.88
48.52
49.19
48.26
46.59
45.17
45.53
40.2
43.81
46.61
47.52
48.58
48.57
45.74
42.65
43.41
43.36
43.87
44.55
44.94
42.74
41.69
42.67
44.81
44.58
39.4
38.39
38.67
37.59
37.57
39.43
40.39
39.38
38.91
37.93
37.52
37.33
38.28
36.84
37.95
38.29
38.65
37.88
38.22
37.77
33.94
37.16
38.17
38.55
37.48
36.86
36.51
38.68
39.04
38.18
37.38
38.28
37.65
36.52
35.5
32.96
33.34
33.2
32.93
31.19
33.26
32.44
29.17
28.93
31.99
32.25
32.73
34.37
34.85
34.78
34.39
35.72
35.38
33.77
32.11
30.62
27.35
27.31
28.2
30.54
31.13
23.79
21.82
22.82
22.84
22.37
21.85
19.7
17.5
17.81
19.28
19.04
18.67
18.77
17.19
17.42
17.22
16.99
16.88
16.85
17.49
18.09
17.82
17.24
17.58
19.38
17.27
16.4
16.86
17.04
16.21
15.73
8.01
8.34
8.16
7.92
7.87
8.86
8.27
7.7
8.29
7.51
7.64
7.21
7.83
8.5
10.68
11.61
11.04
10.73
10.69
10.02
9.29
9.78
9.1
8.49
8.51
8.26
8.61
9.32
9.75
10.99
11.19
6.02
4
6.13
6.98
8.02
8.24
8.49
7.61
8.83
8.95
8.2
6.78
2.92
4.34
5.11
4.03
6.78
7.52
8.52
8.25
8.76
9.43
6.71
8.89
10.5
6.36
10.22
9.82
9.1
8.92
14.54
15.66
15.53
14.82
15.43
16.02
18.13
18.39
11.4
10.8
10.13
10.8
11.05
13.02
11.37
10.86
10.93
10.79
12.11
12.51
13.37
14.3
14.73
15.86
15.7
14.56
10.9
11.56
16.81
20.05
18.95
17.72
19.37
19.48
19.48
18.94
19.46
18.64
17.7
16.11
14.17
13.07
14.15
17.56
18.65
18.24
17.43
18.33
18.38
18.76
18.93
20.71
21.86
23.63
24.89
24.74
23.37
23.62
22.79
22.51
20.36
19.07
17.9
17.01
19.92
22.15
23.6
24.01
23.06
17.4
14.11
15.04
15.04
14.07
18.24
19.47
20.8
21.61
20.2
21.42
21.68
21.23
19.81
21.08
20.88
21.62
21.47
21.12
21.71
22.01
20.33
21.07
21.35
17.42
19.54
23.48
25.3
25.8
24.26
23.3
23.94
24.38
22.96
23.01
22.4
24.5
25.32
23.56
24.56
25.22
25.71
26.67
26.43
25.46
25.93
25.66
24.83
25.26
26.2
26.81
27.18
26.52
26.58
48.05
47.14
46.41
47.16
46.75
48.7
49.89
36.35
47.03
44.83
45.01
45.35
43.88
45.56
46.2
47.07
48
47.72
48.07
46.94
48.29
49.89
35.68
31.97
49.89
50.26
49.67
50.26
50.26
52.35
53.25
54.44
54.14
51.54
49.49
46.26
46.85
48.62
48.35
48.35
49.66
50.92
49.92
49.33
50.43
51.08
48.86
47.88
50.43
50.48
50.39
51.92
50.52
50.98
51.06
51.22
50.48
48.95
50.94
49.53
45.51
41.76
44.87
45.35
46.93
47.11
45
47.5
46.04
45.69
44.7
44.41
44.53
45.08
44.59
44.95
45.3
44.91
44.25
43.87
38.77
36.81
41.56
42.92
43.92
43.93
43.38
43.24
42.92
42.25
36
35.76
35.32
34.92
35.05
34.33
33.47
33.31
35.13
32.55
31.57
32.64
34.41
34.64
34.92
36.27
36.26
35.53
34.09
35.63
36.03
35.56
36.24
36.29
35.95
35.91
34.64
35.75
35.85
36.02
36
37.16
36.99
37.49
37.95
37.89
37.11
36.5
34.71
33.25
35
34.69
36.11
36.53
37.12
36.59
33.16
29
29.06
32.59
33.17
34.38
34.81
34.14
32.36
30.19
28.82
27
27.06
26.72
26.78
17.19
17.14
16.96
17.25
17.48
17.85
19.91
15.83
17.85
18.86
19.26
19.18
18.88
18.97
18.64
19.13
19.41
20.04
19.24
16.12
17.32
17.53
15.34
15.2
14.94
15.4
15.21
14.75
14.63
14.52
16.24
7.97
7.17
5.97
7.22
7.43
7.3
7.27
5.89
7.77
7.32
7.54
6.74
9.41
6.74
8.85
9.1
8.07
7.9
7.37
6.27
8.38
9.78
10.24
10.55
10.14
9.59
9.4
7.92
7.61
9.52
9.36
4.47
4.86
3.43
3.45
2.59
3.95
4.5
5
5.53
3.39
3.7
4.91
5.49
10.13
5.76
3.15
4.25
4.02
1.37
0.97
1.49
1.95
1.84
1.42
2.33
3.52
4.47
4.15
4.39
4.77
10.72
10.45
10.65
10.71
10.3
10.72
10.8
11.99
14.81
15.34
14.51
11.57
11.4
11.19
11
10.57
10.57
10.52
11.31
10.5
10.62
10.82
10.86
11.11
11
11.45
11.12
13.21
13.86
12.26
11.74
15.12
14.17
14.36
16.92
17.48
16.12
15.53
14.94
16.53
17.87
15.44
14.66
16.25
15.77
18.75
19.43
19.27
16.53
13.46
16.51
17.87
17.51
18.57
20.36
21.81
20.89
19.15
19.42
19.19
20.37
20.1
20.71
21.19
21.19
19.47
15.99
19.51
22.16
21.55
18.19
17.52
17.44
19.15
19.45
19.7
20.12
20.87
20.78
21.11
22.07
22.34
21.72
21.22
20.06
21.44
22.56
21.31
19.21
21.35
21.97
21.48
24.96
25.51
24.26
24.5
25.98
26.1
25.99
27.47
28.14
28.42
27.5
28.77
27.78
26.85
26.98
28.1
27.03
27.06
27.46
25.76
26.52
24.2
25.23
25.47
26.84
26.91
27.37
28.08
29.29
28.26
28.77
27
44.44
49.22
23.62
24.64
48.5
46.8
46.61
48.88
49.08
48.7
48.59
49.4
34.01
48.02
45.47
45.75
48.14
47.12
47.78
48.17
48.97
47
47.58
48.84
49.3
49.22
49.67
50.99
50.32
49.18
49.86
52.02
50.72
47.58
52.74
48.82
49.55
47.86
48.82
50.49
49.61
49.86
51.28
48.68
49.93
49.08
48.55
49.45
51.11
49.92
49.73
48.48
49.75
49.93
48.93
49.66
50.62
50.53
45.18
44.39
45.72
45.26
44.35
43
44.46
44.5
44.64
45.07
44.75
44.81
44.58
43.84
43.89
43.7
43.36
43.7
43.16
42.69
42.73
41.38
39.36
38.8
37.68
40.75
40.8
41.28
42.14
43.06
38.92
39.45
39.16
39.33
39.21
38.27
37.74
37.07
36.65
37.13
37.09
37.2
36.85
37.43
35.04
37.24
38.62
38.51
38.14
37.93
36.72
36.85
34
35.83
30.5
35.16
34.4
31.26
32.13
32.67
32.4
33.47
32.37
34.32
33.2
33.32
32.55
33.98
33.84
34.01
34.46
31.67
33.83
31.44
29.88
31.1
32.07
33.78
34.4
31.21
31.48
31.52
32.47
30.64
27.54
28.11
29.65
29.33
29.79
28.09
27.38
17.43
17.28
17.63
17.79
17.8
17.97
19.15
19.71
20.26
19.93
20.09
19.96
19.38
19.05
17.77
17.3
17.71
17.05
16.37
15.71
17.08
17.53
17.56
17.81
17.67
17.59
18.82
20.3
18.67
19.05
19.23
11.86
12.55
12.31
12.11
11.69
11.59
8.62
7.23
9.23
10.34
10.22
10.51
11.36
11.91
9.24
9.36
9.46
8.7
8.03
8.14
7.9
8.88
8.28
9.31
9.56
9.93
8.53
8.44
10.42
12.18
12.63
7.56
7.63
7.25
7.44
7.93
8.13
8.52
9.8
10.74
11.31
11.71
10.08
9.11
7.05
3.31
3.45
2.59
1.7
2.61
0.87
4.05
4.8
4.89
4.14
3.89
3.98
4.67
5.11
2.04
2.25
9.18
10.56
10.63
10.71
10.62
10.92
10.85
9.78
10.75
10.66
10.55
10.61
10.98
11.19
11.1
9.49
10.78
10.55
10.58
10.34
11.04
11.07
11.28
11.05
11.03
11.07
12.88
10.94
10.86
10.98
12.09
13.36
15.62
14.12
13.45
13.37
14.88
16.99
17.42
17.81
17.96
17.79
18.1
17.95
17.81
20.69
18.6
17.73
18.95
21.28
22.76
20.91
20.4
18.54
15.52
16.29
21.21
20.77
21.68
17.84
16.66
17.47
20.4
22.01
21.71
20.98
18.63
17.98
14.33
17
19.76
21.21
18.19
20.14
21.95
23.31
25.1
24.99
24.19
24.49
24.56
25.08
24.69
25.2
23.67
23.19
23.62
24.26
23.29
21.97
21.08
20.1
23.72
22.52
23.72
24.69
24.66
24.93
26.49
26.55
25.32
23.99
24.31
26.48
26.34
27.95
26.66
27.99
25.47
26.55
27.29
26.14
24.75
25.02
27.7
28.66
29.19
28.84
28.72
28.93
29.76
28.42
28.99
48.17
49.08
49.67
48.59
48.8
47.86
44.71
45.54
46.79
49.4
49.22
49.67
50.26
25.73
49.4
48.84
47.77
48.5
49.3
32.29
49.4
49.67
47.95
46.93
44.71
45.21
47.83
50.26
53.14
53.08
50.43
50.29
49.03
46
50.05
50.36
50.29
48.86
49.79
50.03
50.09
48.98
50.08
47.98
49.21
49.99
50.18
49.36
49.75
50.31
51.25
51.65
51.56
50.38
49.61
50.65
51.61
52.64
50.79
45.48
46.66
45.05
45.03
45.68
44.41
43.45
45.28
45.89
43.49
46.73
42.94
42.92
43.19
42.94
41.63
39.44
40.96
38.04
32.34
37.07
40.59
40.65
38.92
40.02
41.26
41.82
41.73
39.29
40.43
37.04
37.64
37.16
37.62
37.81
37.79
38.05
38.17
38.59
37.95
37.2
36.21
34.14
34.59
34.67
35.61
36.56
36.87
35.01
34.29
32.52
33.73
32.88
27.83
29.02
31.02
31.33
31.99
31.92
31.07
31.14
31.96
31.14
32.5
32.7
32.99
34.44
35.12
34.65
33.81
29.16
29.29
31.51
29.74
28.71
27.22
27.75
29.25
29.09
29.48
27.6
27.29
27.83
30.24
29.74
27.68
29.08
28.51
27.38
27.49
28.19
19.93
20.71
19.36
17.24
16.57
16.73
16.93
16.44
16.32
16.85
17.3
18.03
17.94
18.9
18.58
19.42
19.27
18.49
18.71
17.41
16.44
16.35
16.25
14.85
15.04
14.67
14.38
14.58
15.08
15.75
16.13
9.41
10.71
10.09
9.81
9.5
9.89
9.43
7.99
8.98
10
10.18
10.2
11.86
12.56
13.41
13.05
11.71
12.69
11.96
11.71
13.18
13.83
13.8
13.67
11.74
12.6
14.67
13.9
14
12.42
13.1
9.67
11.76
5.83
5.05
5.38
4.15
4.37
5.58
9.58
9.31
7.49
2.84
6.08
8.33
10.33
11.97
10.36
5.63
4.66
4.87
4.78
4.09
4.15
4.66
3.91
4.92
5.36
9.67
9.65
5.11
11.17
11.19
13.63
14.69
15.16
15.18
17.51
19.84
20.15
18.21
13.37
11.12
11.52
15.35
19.27
15.46
19.2
19.72
21.78
19.41
17.66
16.73
18.54
19.77
19.16
17.94
12.2
11.23
19.11
18.59
18.3
18.83
18.14
18.16
18.6
20.57
20.29
19.97
16.54
18.96
21.26
22.65
22.92
21.81
19.16
17.46
18.64
18.87
20.01
18.99
21.54
22.62
23.36
22.85
21.39
19.79
21.27
22.24
22.1
18.13
21.08
19.78
21.27
22.32
20.2
20.46
21.65
21.6
20.08
20.27
19.99
19.71
20.4
20.24
20.22
20.91
20.37
18.81
17.78
19.17
20.26
20.59
20.85
20.87
21.05
20.32
21.15
21.18
22.25
23.04
22.76
22
25.48
24.17
22.67
24.08
25.89
25.95
25.34
25.53
23.63
25.5
25.98
25.83
26.21
26.53
26.46
27.59
26.73
26.67
25.97
27.03
27.27
28.71
28.95
28.43
30.27
28.77
25.51
25.81
26.77
26.07
27.03
47.01
46.41
46.38
43.17
45.34
48.28
47.86
47.16
48
48.44
47.01
46.31
43.25
45.04
48.7
48.29
48.77
47.38
48.97
47.86
47.29
46.77
47.16
47.55
47.44
47.72
48.5
48.37
51.86
49.35
50.82
52.26
51.64
51.45
48.42
46.23
46.38
47
48.61
47.29
48.75
43.25
47.32
49.55
49.58
50.29
49.11
48.63
49.31
46.83
44.53
44.66
46.76
48.18
48.49
47.49
47.18
47.46
45.96
41.41
41.57
43.08
40.62
42.56
41.41
40.6
38.64
39.52
39.24
38.28
40.75
40.21
41.61
42.81
38.98
41.25
38.41
39.35
38.28
38.91
38.46
38.87
37.22
37.79
38.29
30.33
35.18
36.48
35.78
34.59
34.29
33.62
34.01
34.04
35.35
33.78
34.21
32.95
33.52
34.88
34.74
34.79
34.46
34.41
34.3
32.2
33.58
33.73
33.98
34.37
33.71
34.09
33.51
33.38
33.67
33.97
34.48
34.59
34.43
34.57
36.4
36.28
35.99
35.78
34.58
34.74
35.91
36.41
36.35
35.94
35.33
33.75
34.08
33.48
33.16
31.76
27.82
29.73
32.55
33.91
34.12
31.67
32.95
33.86
35
35.34
33.67
33.3
32.52
31.68
22.31
19.4
17.71
16.77
17.09
16.6
16.03
14.53
15.06
17.12
17.22
16.77
16.1
16.1
15.14
16.26
15.32
15.02
14.91
15
15.26
16.4
16.99
16.99
16.4
16.11
17.37
17.43
17.78
18.03
17.85
10.03
9.7
9.42
9.57
8.55
9.07
9.23
9.32
10.33
9.85
7.88
8.36
8.49
8.28
7.86
8.05
8.38
8.37
9.95
11.4
9.2
9.96
12.1
12.89
12.18
13.2
13.4
10.76
10.33
10.89
14.22
8.56
5.53
6.08
6.33
4.15
6.99
9.56
8.06
4.78
9.2
10.41
2.7
5.04
7.49
6.32
7.78
6.49
3.97
7
10.03
4.48
3.94
3.24
2.8
3.43
3.14
4.6
4.22
4.63
3.89
10.29
10.42
10.56
10.98
12.16
14.5
15.45
15.02
14.48
11.3
11.3
11.53
15.83
12.91
15.58
18.82
22.9
17.53
12.5
11.6
16.15
19.34
15.71
20.22
20.03
22.74
19.69
15.38
14.12
18.98
15.5
13.68
13.63
13.47
14.39
13.67
18.01
19.56
21.34
18.52
16.29
19.87
19.67
22.14
23.09
22.99
21.56
20.84
22.35
24.02
24.92
23.53
22.67
25.07
25
23.4
24.29
22.49
22.97
22.72
21.73
20.74
21.17
20.92
20.3
20.47
20.62
20.96
19.98
19.69
19.37
20.67
19.96
18.73
20.57
20.42
20.19
20.48
20.21
19.04
20.21
21.05
21.72
22.24
22.21
19.82
19.62
21.05
17.12
20.4
19.58
21.09
25.65
26.74
27.23
25.43
25.46
24.77
25.74
26.03
26.55
26.78
26.89
26.53
27.04
26.51
27.03
27.35
27.69
26.04
25.63
25.8
27.39
28.21
27.73
28.63
28.77
28.66
29.45
28.78
28.77
27.15
27.06
36.76
48.4
48.46
48.97
47.53
46.31
46.26
45.14
47.05
47.67
46.03
45.38
44.33
43.77
49.4
48
47.83
48.67
49.4
31.34
29.24
32.19
50.26
49.3
48.5
47.39
48.23
46.56
46.75
50.28
52.64
52.88
50.49
49.59
46.5
46.92
48.48
49.72
45.82
49.36
48.69
48.73
47.55
48.59
46.68
45.33
47.35
48.76
51.19
52.08
51.29
51.58
50.38
46.59
48.63
48.43
47.55
45.96
46.16
45.98
42.51
40.02
35.25
41.98
43.91
44.24
43.8
43.07
42.56
42.3
41.86
41.6
41.52
40.09
40.27
41.96
42.45
41.48
40.4
39.54
40.04
37.54
37.63
37.55
38.17
36.57
38.03
37.16
38.28
36.35
35.17
33.81
32.15
32.1
32.85
28.68
29.48
31.02
30.59
28.72
32.05
32.13
32.15
33.48
33.74
33.01
31.64
29.93
29.04
25.14
29.51
26.52
24.33
24.46
26.04
28.39
30.65
31.26
31.38
30.57
28.82
27.03
28.43
28.94
28.71
27.58
28.62
29.56
30.45
28.4
27.15
26.66
27.05
27.32
27.51
28.72
29.33
27.85
27.14
27.32
28.76
29.32
28.97
29.07
28.98
28.51
29.18
29.46
28.43
29.09
29.39
18.81
17.49
17.28
17.08
16.97
16.35
16.35
15.44
15.82
15.56
15.65
15.5
15.56
14.54
14.1
13.62
13.22
13.99
15.4
12.84
15.08
16.72
16.77
16.62
16.1
16.59
15.99
14.93
15.81
15.44
15.48
7.33
7.28
5.7
6.99
8.32
6.91
6.59
6.54
8.4
7.97
8.59
7.39
8.11
8.54
8.36
7.88
7.56
7.38
7.28
8.01
9.69
9.69
9.53
8.9
9.74
9.67
9.53
9.08
9.19
8.21
9.29
3.63
4.47
3.97
3.81
4.08
4.86
2.34
4.56
4.71
4.47
4.37
4.56
4.75
4.99
5.04
5.05
9.42
13.49
13.74
14.06
12.59
12.46
9.43
12.49
13.63
18.67
21.46
22.31
21.97
21.89
21.61
20.05
12.4
17.6
20.74
21.69
22.61
21.77
24.39
24.64
21.19
19.68
17.61
15.17
17.39
14.92
15.39
18.47
17.26
11.44
10.72
12.89
18.41
20.48
17.04
19.14
18.82
20.09
20.84
16.95
13.16
14.82
16.98
15.54
19.54
21.37
23.19
23.05
19.82
17.28
20.43
21.41
22.06
22.84
19.46
20.93
20.7
20.1
21.08
20.85
23.6
23.47
22.03
18.08
18.72
20.05
21.27
22.93
22.82
22.37
21.82
15.06
14.96
17.69
18.84
19.58
20.58
20.17
19.99
21.73
21.53
20.33
21.08
20.99
21.96
21.71
19.87
19.92
21.53
22.46
21.28
22.06
21.99
21.12
20.72
21.1
21.63
23.14
24.04
24.05
23.29
23.08
25.9
27.45
27.55
26.37
26.25
27.15
27.6
27.86
28.42
28.86
27.63
26.18
23.82
23.81
24.9
26.16
27.2
27.62
26.67
26.97
25.64
25.94
26.2
27.44
25.74
25.95
26.04
27.23
27.61
27.45
26.92
49.02
46.56
49.89
49.4
34.11
47.25
49.67
27.83
50.26
44.87
45.07
46.49
47.47
46.96
48.04
49.89
48.46
48.28
48.92
49.52
49.89
32.08
50.26
47.5
47.78
47.69
49.3
50.26
51.44
51.31
52.66
50.26
53.54
53.55
49.95
47.72
48.28
47.88
45.02
43.88
44.65
46.53
49.42
50.32
50.52
50.01
49.62
51.76
53.39
51.85
50.92
47.12
46.95
45.83
45.39
45.22
47.05
46.63
49.73
44.12
43.51
41.38
40.97
32.54
28.51
29.83
34.53
38.27
37.69
38.65
37.81
38.82
33.32
27.46
32.39
36.32
37.22
37.46
39.04
39.03
38.91
36.3
37.37
34.39
35.31
33.27
32.67
34.6
34.75
31.89
27.76
27.88
28.26
28.56
29.13
25.73
24.7
27.51
29.37
30.12
30.53
31.04
31.04
31.81
30.99
30.49
29.29
29.25
29.78
30.61
30.88
30.82
30.48
31.27
29.16
31.94
32.74
32.22
32.08
31.65
30.98
30.06
28.49
30.79
29.29
27.54
27.29
27.21
26.77
26.96
27.15
27.05
26.92
27.55
27.72
27.57
27.48
27.98
26.92
28.22
28.71
28.76
27.51
28.01
28.11
27.8
27.01
28.34
28.2
26.89
16.69
16.63
17.24
17.34
16.62
16.46
16.82
16.94
16.99
17.56
17.67
17.85
17.85
18.48
18.03
18.78
17.19
19.15
18.22
18.78
15.24
14.75
15.61
15.58
15.87
15.05
13.85
14.26
14.48
15.44
15.7
8.75
9.3
7.33
7.78
7.6
6.59
5.68
6.09
6.71
6.87
7.3
7.95
8.58
7.27
7.46
7.67
7.25
6.11
3.56
6.29
9.18
9.17
9.53
9.69
9.63
9.69
9.44
7.75
8.67
8.58
6.08
-1.22
2.49
2.78
2.58
2.97
3.47
3.02
3.52
3.58
3.86
3.99
4.05
5
4.72
4.99
4.93
5.05
3.71
5
4.78
4.41
4.38
4.7
4.82
4.56
4.59
4.93
5.42
5.63
5.36
10.71
10.67
10.88
11.27
11.11
10.95
11.53
11.64
11.14
11.24
11.14
11.13
11.1
12.54
12.12
12.72
14.39
15.48
16.63
18.63
17.71
12.49
13.85
14.85
18.57
19.66
19.71
18.34
19.79
19.62
21.23
17.73
20.4
17.08
16.97
20.27
20.9
20.65
18.61
20.9
22.64
23.36
22.53
22.93
22.72
21.59
22.69
23.74
23.24
23.26
24.56
23.47
23.36
23.05
23.24
22.62
23.49
21.68
22.54
22.16
21.95
20.12
20.59
21.53
21.63
20.81
21.11
22.92
21.87
21.13
20.91
19.83
21.06
20.95
21.65
21.69
22.31
20.92
20.39
21.3
22.39
21.23
21.4
22.49
22.66
23.54
24.37
24.83
25.1
24.96
24.52
24.13
27.52
27.4
28.8
29
29.38
27.37
29.13
28.86
28.77
27.35
27.41
27
25.92
23.71
28
29.16
28.5
28.73
28.61
27.51
27.16
26.45
26.76
27.59
28.18
27.48
27.42
28.27
28.98
28.02
27.47
47.81
43.16
43.31
46.08
44.75
45.46
45.63
45.36
46.86
46.41
46.02
47.01
46.2
46.79
48.02
47.41
48.02
48.08
48.64
48.8
49.15
49.67
49.4
49.89
48.44
48.97
48.77
49.4
52.82
52.84
50.08
51.21
47.58
49.78
51.08
50.88
47.48
51.52
47.55
49.96
45.12
46.48
48.32
48.29
42.82
42.52
41.75
43.92
43.8
45.86
47.35
48.25
46.99
48.21
48.06
48.39
47.68
47.02
46.76
43.31
44.48
45.67
44.58
41.7
44.18
44.15
43.03
39.6
37.3
40.99
40.71
43.91
44.57
43.16
41.36
39.1
36.77
39.96
31.23
32.88
34.96
34.41
28.76
36.86
37.69
30.59
37.09
36.06
36.6
33.02
31.43
32.59
34.23
36.19
37.01
36.98
35.9
34.95
35.42
34.84
29.86
26.09
28
26.06
29.53
30.71
30.51
30.32
28.6
29.17
29.98
30.87
30.91
30.44
28.15
26.25
27.61
29.66
28.4
26.92
29
27.11
26.66
26.98
26.98
27.05
27.38
27.71
28.25
27.81
26.77
26.72
25.75
26.38
27.2
27.17
25.74
26.69
27.03
26.83
26.79
25.51
24.85
26.2
26.03
25.13
26.18
26.84
26.76
25.34
17.03
17.18
17.49
16.47
16.15
16.82
15.57
16.56
16.59
15.98
14.11
15.99
15.92
16.19
16.77
16.41
15.78
16.66
16.09
15.2
15.11
15.83
14.71
13.35
12.81
13.08
12.69
13.23
14.73
15.27
15.27
8.76
8.86
9.25
7.71
6.55
8.68
7.72
7.69
6.83
8.61
6.86
7
6.68
4.58
3.24
6.1
7.89
8.05
7.15
7.35
8.71
9.05
9.38
10.18
10.47
8.96
9.73
9.79
8.75
9.72
9.88
4.53
4.6
4.43
4.02
4.05
3.8
4.47
4.37
4.55
4.75
4.97
4.99
4.98
4.86
4.98
5.1
5.21
4.72
4.88
5.42
5.72
5.99
6.5
5.15
5.25
5.08
4.97
5.16
5.64
11.32
11.62
11.15
14.48
16.37
18.51
19.4
20.03
19.46
14.39
12.06
15.25
16.59
16.42
16.84
16.73
16.02
19.56
21.92
19.67
17.8
20.63
24.64
23.36
25.3
22.55
24.06
25.45
24.06
26.42
23.6
23.47
19.28
22.69
20.16
21.9
22.76
22.26
21.46
21.08
20.32
19.6
21.39
19.78
20.35
20.43
22.14
18.23
20.54
22.51
22.39
23.63
23.68
21.74
21.73
19.6
18.78
20.9
22.95
22.57
23.38
23.1
22.18
20.8
20.75
21.17
21.04
22.7
22.79
21.92
21.91
22.97
23.46
23.03
23.37
23.83
22.98
24.96
25.5
25.39
24.68
24.22
22.97
23.48
24.07
23.24
22.65
22.13
21.9
19.71
16.26
22.59
23.41
27.06
27.64
27.69
28.02
28.62
28.61
27.17
27.09
28.11
28.21
28.41
29.5
29.43
29
28.59
28.38
27.42
27.2
26.49
25.19
26.26
28.26
27.15
27.4
28.76
27.3
26.58
25.87
26.19
26.99
27.96
50.26
50.26
49.3
48.7
48.26
48.92
49.4
48.48
47.93
48.29
44.9
45.95
49.89
31.54
28.16
30.04
32.58
33.09
33.76
31.64
27.01
27.72
30
29.18
49.52
30.08
47.11
50.26
53.46
53.51
52.25
44.18
45.15
47.91
48.85
49.06
51.02
52.25
51.39
50.51
50.33
50.21
42.66
45.55
48.61
49.86
50.42
50.39
50.12
50.72
50.95
50.36
49.53
48.56
49.01
48.15
48.19
47.1
46.43
42.43
42.23
42.41
43.36
44.04
43.79
45.33
44.93
46.22
44.94
42.13
43.34
42.59
36.75
34.62
39.65
41.81
39.48
41.91
39.97
36.97
29
32.05
37.28
36.48
36.81
38.31
37.03
28.65
26.45
25.63
29.44
29.41
28.19
30.11
28.6
31.42
32.11
31.76
30.28
27.77
28.79
29.29
28.55
28.5
28
26.23
26.06
29.55
30.14
30.2
30.55
30.69
30.17
29.28
28.18
28
28.7
26.52
24.5
24.37
27.38
26.64
27.03
27.06
28.29
26.98
27.15
27.76
27.9
26.21
26.6
25.83
25.91
26.38
26.18
26.59
26.77
26.61
26.46
26.16
25.64
25.37
23.64
25.5
25.5
25.69
25.75
25.38
26.16
25.77
17
17.11
16.75
16.56
16.67
17.08
16.69
17.01
17.1
17.85
17.78
18.28
17.47
17.2
19.59
19.91
18.12
16.73
17.43
17.63
19.23
19.14
17.03
15.87
16.79
16.06
15.87
16.09
15.93
16.45
16.9
10.16
10.29
10.36
12.57
14.4
14.68
14.83
12.6
10.16
10.14
9.83
10.21
9.8
9.76
9.68
10.68
11.99
9.77
10.87
12.87
8.99
9.26
9.12
8.56
8.88
7.83
9.59
10.28
10.21
13.41
14.96
9.2
9.06
11.53
11.55
7.33
5.44
4.56
4.5
4.82
5.03
6.37
6.16
6.91
8.02
7.61
10.16
10.35
11.81
9.93
10.42
4.93
4.81
5.03
6.85
13.08
12.69
15.05
21.43
18.91
21.38
22.28
20.54
22.28
23.26
21.53
16.59
23.45
22.34
22.83
23.63
26.49
25.9
24.07
23.56
26.03
27.06
20.57
21.75
22.54
15.36
19.29
23.29
23.14
18.87
23.63
23.57
23.74
20.64
19.72
22.58
25.17
22.47
23.87
22.93
22.93
20.88
18.98
19.01
20.08
20.8
21.57
21.28
23.22
22.73
22.65
22.52
22.11
21.55
21.99
20.15
19.5
20.2
18.1
21.06
22.34
22.81
22.77
23.48
23.6
22.34
22.62
21.91
21.66
22.46
23.31
22.74
22.29
21.26
22.01
21.1
22.42
22.17
22.53
21.94
22.33
22.94
22.24
23.07
23.35
22.69
23.65
23.94
23.52
21.32
22.28
24.78
23.15
22.46
22.13
23.78
25.26
26.03
30.19
30.34
30.08
29.52
28.68
28.95
28.38
27.03
28.4
28.33
28.65
27.48
28.05
28.96
28.2
29.21
28.41
27.6
28.5
27.99
29.2
28.91
28.16
28.54
25.38
26.14
24.77
27.19
27.24
27.05
27.98
50.26
50.26
28.26
50.26
49.89
48.62
50.26
49.89
46.61
47.14
47.97
49.02
49.15
49.52
50.26
48.13
49.3
49.15
47.71
49.3
49.89
50.26
37.21
49.52
49.89
49.52
48.57
49.89
41.44
53.62
51.91
51.01
50.42
43.77
46.73
48.61
45.26
46.43
45.15
48.19
50.38
50.62
47.32
48.31
47.86
47.31
45.4
45.6
44.92
47.65
48.03
48.06
46.52
46.85
46.88
47.31
43.75
44.09
41.73
45.99
42.32
40.74
36.89
38.59
38.27
39.14
39.97
41.24
41.21
40.31
40.02
36.88
29.46
34.82
37.09
37.06
37.36
38.05
36.74
38.4
37.37
30.09
33.39
34.19
34.11
35.69
37.09
35.05
33.99
34.34
32.26
33.05
31.08
32.15
33.65
34.01
33.48
33.44
33.85
34.33
34.05
32.83
29.05
26.16
27.09
27.72
28.62
28.43
29.53
30.22
28.71
28.58
29.34
30.07
30.42
31.16
29.25
28.65
29.13
29.35
29.5
27.94
28.94
29.88
28.03
26.86
26.91
27.8
28.9
30.16
30.51
30.57
30.34
29.7
29.81
30.21
29.92
30.3
28.54
28.05
26.69
27.05
26.61
26.04
26.86
26.64
27.05
26.66
26.24
26.2
26.37
17.49
17.37
17.4
17.05
17.51
17.12
17.57
17.42
17.37
17.17
16.73
16.01
16.33
15.57
15.23
14.77
14.91
14.41
14.91
14.44
14.13
14.01
13.5
12.75
12.64
14.32
14.55
13.06
14.83
15.45
15.72
9.48
10.19
9.64
7.37
8.51
7.42
7.11
8.39
7.86
9.64
9.1
8.53
10.16
10.94
10.68
10.18
7.91
9.8
9.26
9.58
8.29
9.24
10.27
10.08
10.4
10.21
10.21
10.38
10.87
11.6
12.41
7.42
6.27
5.31
5.49
5.34
4.97
5.03
11.06
12.8
13.17
13.3
14.31
13.53
11.71
7.56
12.46
12.88
13.58
15.06
16.69
15.43
18.13
22.3
12.94
8.25
12.92
22.6
24.35
16.72
14.22
20.68
23.09
22.65
21.74
20.62
23.23
24.02
25.18
23.66
24.13
26.47
25.33
22.5
18.07
20.39
22.31
23.18
23.81
25.15
23.13
22.84
22.5
23
24.5
24.04
24.14
24.28
24.21
21.72
24.75
25.2
21.73
22.98
22.14
22.15
22.25
20.19
21.47
19.96
22.47
22
23.72
23.98
24.94
24.65
23.7
22.47
23.11
22.78
23.9
21.97
21.71
23.39
23.01
19.92
22
21.14
22.13
21.7
22.02
21.88
21.4
23.04
23.31
22.89
23.37
22.98
22.58
21.16
21.2
21.13
22.26
23.12
24.01
24.69
24.97
23.84
23.76
22.19
22.19
22.26
24.44
23.67
22.67
23.78
24.54
24.63
23.58
23.03
22.59
23.89
24.48
28.53
28.48
27.73
27.7
27.94
29.58
28.78
27.93
27.78
27.63
28.95
28.92
28.86
29.04
29.43
27.35
27.35
27.98
28.53
28.83
27.63
27.04
27.16
27.43
28.37
27.12
28.63
28.05
27.76
27.88
26.92
48.84
49.89
48.54
49.89
50.26
49.89
29.35
28.44
31.76
49.4
46.66
49.02
49.3
50.26
46.15
46.7
47.41
48.37
47.82
47.15
48.48
49.67
48.77
48.07
49.89
45.84
46.38
48.64
52.59
53.74
50.32
52.04
49.63
47.46
48.52
48.79
45.86
44.25
44.98
44.66
44.86
43.85
41.37
31.87
29.64
37.44
42.02
43.33
42.62
43.1
43.73
45.13
44.78
43.23
42.52
42.09
45.09
43.73
39.29
39.69
41.29
42.79
43.61
43.19
43.17
43.8
42.08
36.73
35.96
40.99
40.19
38.94
36.26
35.73
37.97
38.2
35.86
37.73
38.05
38.58
39.48
38.64
37.08
37.05
37.59
37.75
37.97
37.87
38.4
35.03
34.62
35
35.85
34.9
34
33.75
33.94
32.4
31.26
33.48
35.31
34.51
34.4
34.93
35.15
35.96
36.85
34.8
32.18
31.46
32.15
32.88
33.71
33.19
32.36
33.05
33.1
32.83
32.42
32.2
32.29
27.67
28.02
27.52
26.52
27.79
28.98
29.18
30.76
30.07
29.72
28.29
27.08
28.14
29.36
27.55
28.89
29.23
29.04
28.42
29.24
30.1
30.76
28.94
29.37
29.88
26.96
27.89
29.22
28.57
20.33
18.02
16.28
17.52
17.76
18.81
19.1
16.81
18.09
20.19
19.4
16.47
17.36
16.7
16.11
17.65
16.56
15.65
17.51
16.9
16.3
16.04
15.99
16.1
15.76
16.39
16.34
16.77
17.48
16.91
17.72
11.43
11.65
11.48
11.98
13.05
11.41
10.12
10.25
10.11
10.25
13.35
13.89
14
13.94
12.66
12.52
14.25
13.02
14.85
15.8
17.43
15.51
16.19
16.49
11.82
10.31
10.47
10.03
12.6
15.52
17.96
5.22
6.16
16.14
13.49
18.87
16.52
16.44
20.13
18.31
9.54
14.32
9.2
4.89
7.66
16.31
16.46
17.24
19.87
17.04
13
17.83
17.38
13.87
12.77
17.86
16.42
18.77
21.2
20.21
19.98
21.19
19.35
12.57
19.69
22.02
18.91
14.9
11.4
11.4
18.54
13.46
19.73
19.72
21.35
22.14
16.55
21.76
22.48
21.79
25.8
27.6
28.44
24.77
26.28
24.64
24.81