13.67
11.31
10.36
15.38
13.13
15.39
15.56
14.63
18.41
17.26
17.18
17.11
3.06
14.44
15.52
15.3
15.91
12.32
11.36
10.92
10.93
3.09
10.8
10.2
3.32
4
4.54
5.42
5.27
7.8
6.67
8.24
10.88
10.75
10.39
10.52
9.06
10.51
9.26
10.09
11.54
14.89
18.61
20.36
21.18
21.12
21.63
19.13
21.55
21.08
19.93
17.54
18.58
18.38
14.24
14.13
18.48
3.17
4.61
19.28
21.73
18.33
16.76
19.28
19.02
20.77
22.35
22.87
23.96
25.01
15.99
18.31
21.9
21.24
5.88
6.7
7.29
7.2
9.33
10.09
10.8
14.17
15.88
16.55
14.67
14.67
12.04
11.06
10.02
8.22
6.1
9.29
11.3
27.87
25.21
25.4
30.36
5.73
21.44
3.4
5.65
7.06
10.37
12.51
13.21
11.99
11.04
14.19
16.44
16.01
10.18
7.79
10.91
14.9
17.31
17.47
15.95
13.89
15.09
18.37
15.71
14.98
15.17
15.26
20.98
24.1
22.33
23.77
25.87
24.74
25.08
23.39
21.96
20.38
16.01
17.97
13.68
9.27
32.71
5.24
9.46
15.6
21.81
28.02
28.36
20.79
18.12
18.91
21.36
26.81
21.32
16.46
13.15
13.49
23.51
26.08
27.6
27.36
25.85
20.14
14.82
13.05
17.34
19.55
21.15
22.61
23.46
23.82
23.28
20.4
17.91
17.34
20.45
21.22
20.48
18.01
16.16
15.21
15.72
17.37
16.52
18.16
23.2
22.71
22.38
19.38
17.22
22.58
25.78
26.84
25.5
23.54
23.33
22.66
24.01
23.01
23.72
24.46
24.99
23.76
20.68
21.42
22.44
22.21
21.74
18.26
15.89
15.62
16.13
16.4
16.68
18.48
18.97
20.28
22.25
28.98
29.23
27.96
27.17
26.91
27.17
27.39
27.25
25.8
24.14
24.16
23.96
23.01
23.62
22.07
21.3
21.28
21.24
21.35
20.7
21.05
22.66
22.97
22.94
23.26
22.1
23.17
23.33
21.35
20.08
19.5
23.54
23.35
24.54
23.39
23.06
23.45
23.18
23.05
22.61
22.45
22.32
21.3
21.39
21.35
21.33
20.6
20.42
19.73
18.88
18.51
18.15
17.9
16.85
16.92
17.14
17.63
16.97
17.35
16.06
16.45
23.81
23.64
23.47
24.56
24.69
27.03
24.1
23.37
22.74
22.19
21.21
19.53
17.63
17.54
18.59
16.73
16.41
14.04
13.44
9.9
4.83
4.32
10.07
10.27
7.99
8.39
10.29
10.04
9.33
7.38
6.61
12.99
15.14
20.54
19.23
17.88
15.7
12.61
9.12
3.61
7.27
10.73
10.52
15.29
16.31
10.8
8.15
9.49
11.29
14.28
15.1
18.13
17.53
16
18.31
14.89
11.17
6.67
3.98
5.4
8.26
4.64
4.81
5.9
5.09
5.36
5.41
7.6
7.21
6.07
5.39
5.41
17.79
18.35
3.54
5.03
6.92
8.91
12.49
12.94
12.11
13
11.12
10.23
9.03
8.88
7.56
8.24
15.05
15.64
11.97
9.69
12.22
12.36
12.28
9.68
12.1
15.04
15.92
11.99
13.94
15.64
14.97
16.25
17.13
11.84
15.63
13.41
13.57
12.74
5.51
3.84
4.15
5.37
5.89
3.98
3.44
14.33
11.31
11.49
3.15
6.83
3.74
10.06
10.18
9.71
10.92
11.45
11.02
11.01
15.09
16.11
16.07
13.37
13.74
4.57
3.51
6.6
10.46
12.64
14.17
16.07
15.38
16.89
5.06
7.16
8.67
7.1
18.9
4.19
4.57
22.42
18.12
16.26
20.35
13.89
12.67
4.62
3.64
4.86
3.34
8.2
11.54
13.99
16.77
17.79
9.22
10.61
16.79
16.86
13.58
6.14
25.06
5.51
6.47
10.18
24.41
29.06
28.73
25.77
26.39
29.62
32.55
32.45
34.23
3.91
4.59
6.27
3.91
27.09
5.76
6.27
5.92
5.1
7.25
9.36
13.7
13.97
12.97
12.02
7.68
6.65
9.31
12.32
9.77
9.99
12.86
17.77
20.08
18.88
15
14.65
14.54
15.41
17.89
18.08
17.1
14.92
16.84
16.69
14.8
14.69
16.46
13.75
15.97
21.96
23.43
19.81
19.17
25.23
19.17
13.56
13.75
16.35
10.4
10.21
15.56
20.45
23.39
24.25
23.88
22.94
22.41
24.49
26.75
28.03
23.38
24.59
24.77
24
24.02
22.07
18.45
18.4
20.14
20.27
21.76
24.13
24.61
23.69
20.19
17.65
17.42
17.83
17.08
9.73
9.53
12.77
14.85
18.45
20.09
18.86
18.58
23.62
25.25
25.23
25.11
24.9
22.8
22.5
21.89
21.42
20.95
21.64
23.01
24.05
24.19
24.64
24.38
24.42
24.42
26.74
26.07
24.42
21.64
19.34
17.77
17.32
18.87
19.77
18.62
18.28
17.97
18.44
25.66
25.56
26.54
25.96
25.47
24.4
23.96
23.24
23.91
24.58
24.05
23.31
23.22
23.33
23.69
22.76
23.1
22.79
20.58
18.45
18.34
18.45
19.94
20.71
20.84
19.66
19.69
21.24
20.17
20.33
20.3
24.99
25.38
25.46
25.6
26
25.09
24.97
23.53
22.75
23.24
23.07
23.07
22.48
22.8
23.2
23.34
22.92
22.37
22.17
22.09
22.48
23.02
22.6
21.99
21.94
21.89
21.34
21.19
21.31
21.31
31.79
27.26
26.15
27.09
25.67
23.18
21.82
21.04
22.21
21.56
19.7
18.21
16.24
17.56
17.23
17.33
14.3
15.93
16.27
15.36
18.49
18.8
18.88
14.82
12.85
12.18
11.93
11.95
10.8
12.43
12.37
21.3
20.84
22.03
18.91
15.25
12.58
11.06
12.67
13.77
16.97
17.55
19.34
16.76
17.32
18.95
19.9
19.62
19.98
16.16
14.99
15.88
14.24
13.72
11.14
10.05
11.47
10.56
7.14
8.3
8.73
12.37
3.58
3.23
3.75
10.43
10.91
14.7
15.51
15.79
13.29
14.1
13.4
11.86
13.65
3.75
5.7
9.17
11.35
14.31
13.36
13.63
13.65
10.56
11.89
13.19
14.17
12.45
11.12
11
9.57
7.99
17.13
14.15
19.86
19.27
16.67
14.61
15.53
16.25
13.79
12.44
9.01
3.93
5.14
4.33
3.2
3.18
11.76
3.46
12.14
13.75
4.85
9.73
8.44
8.63
8.17
7.97
10.53
11.62
13.19
7.94
8.39
11.01
11.17
11.27
11.3
11.09
18.21
19.58
21.05
15.41
18.09
4.17
5.42
4.21
4.36
4.93
6.12
5.78
6.16
9.85
11
10.45
5.14
17.35
18.12
17.99
20.64
17.75
6.1
8.73
18.25
16.79
19.27
19.6
21.86
20.85
3.32
5.45
5.03
18.42
18.98
19.3
17.01
24.42
13.7
22.19
22.38
23.24
20.36
13.74
24.63
28.24
21.52
26.4
25.65
18.48
16.34
21.64
23.24
6.81
11.91
4.26
5.73
22.19
3.56
10.64
12.02
9.8
5.1
24.71
21.98
24.62
27.14
3.64
9.93
13.57
12.13
4.32
8.47
14.79
11.18
7.98
9.61
15.98
15.41
11.64
10.66
10.77
13.78
17.28
20.48
22.9
21.54
20.75
28.47
32.24
28.47
26.85
24.52
22.45
13.04
6.22
5.81
5.54
8.82
6.18
7.58
12.43
15.52
17.18
19.17
18.72
20.45
21.36
20.9
20.3
17.93
16.16
19.02
19.47
17.55
20.94
25.23
26.7
25.44
18.01
18.7
23.92
26.52
23.92
23.07
23.02
22.3
24.05
20.48
20.17
21.74
21.58
22.3
26.05
26.75
20.61
15.75
15.54
13.87
18.16
23.2
24.1
21.71
18.76
21.63
25.46
31.6
29.78
28.27
25.46
25.25
26.25
27.45
27.13
24.27
22.66
20.09
20.64
22.7
24.07
25.19
23.97
22.25
22.82
23.89
23.44
23.31
24.86
23.99
23.27
22.4
19.89
21.11
22.46
21.76
20.68
18.97
25.41
25.27
26.23
27.15
27.04
26.35
24.49
24.28
24.04
24.86
23.88
23.48
21.52
20.38
21.76
22.29
23
23.84
24.98
24.72
24.57
24.25
23.55
22.41
22.57
22.91
22.29
22.84
21.86
22.27
23.03
26.83
25.52
25.06
24.66
24.6
23.7
22.8
22.5
22.22
22.04
22.12
22.38
22.01
21.03
20.81
20.91
22.81
22.07
21.65
20.1
19.97
18.13
19.76
20.1
20.16
19.72
18.27
17.18
17.39
17.55
25.1
23.83
21.35
22.55
21.48
20.35
21.52
22.3
21.8
22.65
23.58
22.47
19.7
18.92
18.4
19.13
19.2
16.83
17.77
15.7
14.9
13.1
12.93
11.85
11.41
10.94
7.84
6.13
6.88
7.13
7.4
16.28
17.77
15.64
15.42
14.76
13.98
14
15.75
15.9
14.05
14.05
14.05
12.61
13.29
11.98
12.84
11.17
11.64
13.45
16.87
17.94
14.84
13.47
10.8
3.57
4.5
8.43
9.14
7.42
7.04
15.43
15.98
15.61
17.62
17.35
5.14
6.92
4.31
14.44
13.13
9.73
13.33
14.68
14.81
14.27
14.72
14.05
4.89
6.11
8.43
9.09
9.48
9.53
10.75
6.4
9.86
9.65
6.81
5.55
6.86
4.43
11.35
14.19
13.62
14.55
12.16
13.44
13.9
14.07
16.41
19.26
19.73
14.86
15.25
19.68
3.44
3.01
17.05
6.13
7.91
8.63
8.95
8.34
8.55
7.59
8.83
9.28
9.54
11.52
8.53
10.7
10.77
19.2
19.13
15.8
15.73
13.54
11.84
10.86
10.4
13.11
13.96
13.33
11.39
16.08
4.42
20.21
18.9
16.53
21.19
20.11
19.77
17.36
3.85
6.31
6.31
8.75
10.94
11.59
12.51
23.92
25.27
20.61
12.34
12.78
16.49
3.62
7.92
9.78
7.79
21.24
22.69
20.83
17.75
19.99
23.12
3.71
7.59
10.74
9.74
10
11.46
12.58
7.35
4.71
5.21
5.03
6.57
5.84
31.99
30.43
31.1
27.92
18.1
18.35
20.24
8.25
7.57
4.32
3.69
4.75
7.93
9.69
10.04
8.79
12.4
18.56
20.92
19.91
21.05
20.94
19.18
18.72
20.94
23.76
20.35
18.94
19.29
20.81
23.57
21.49
19.66
19.81
20.41
11.79
5.66
7.65
13.37
16.46
12.51
9.12
8.33
12.43
20.04
17.14
13.45
14.13
15.26
17.4
16.54
20.3
23.77
24.25
20.38
17.97
20.04
18.8
18.8
14.16
15.86
19.25
20.75
26.98
25.13
23.07
23.43
23.05
21.51
21.63
22.46
24.82
23.1
21.48
20.37
16.67
20.68
23.15
23.92
25.05
24.87
26.65
23.87
21.2
18.01
17.24
18.14
19.17
20.14
19.55
21.33
21.99
20.32
25.7
26.25
28.33
27.8
25.23
23.74
20.99
19.13
20.87
23.01
24.17
25.7
26.44
26.8
26.41
24.86
24.37
24.01
24.86
24.42
23.33
24.37
25.27
25.95
26.35
25.97
26.41
27.86
25.78
24.7
24.15
28.38
26.84
25.48
26.21
24.69
26.01
25.7
25.83
24.17
18.83
15.01
16.06
18.84
20.34
20.61
19.88
20.23
20.54
20.5
20.54
22.08
21.53
20.77
20.74
21.81
22.29
23.75
23.1
21.69
20.51
19.85
23.15
22.62
22.04
20.74
20.72
20.81
20.8
21.08
20.27
18.96
18.46
17.37
16.66
15.93
17.35
17.97
15.96
14.85
13.96
12.84
13.68
17.12
18.75
18.77
18.25
17.74
17.66
17.6
16.85
15.96
18.57
16.47
18.44
20.47
19.99
19.64
18.49
19.8
18.25
14.63
15.28
14.97
15.05
16.06
14.65
14.86
14.15
13.77
16.6
15.09
14.55
14.07
12.03
11.53
9.23
9.21
7.66
29.63
31.35
30.51
4.97
14.35
15.38
10.69
12.52
11.32
9.12
11.81
16.39
16.76
14.78
15.9
17.75
18.99
16.71
16.67
15.62
15.04
14.99
12.86
9.16
7.9
7.79
8
5.74
6.88
7.66
6.02
4.82
19.7
20.29
18.25
13.33
16.15
4.49
4.14
15.13
17.18
18.36
15.87
16.66
3.09
5.7
6.57
8.59
8.24
7.21
5.8
3.25
8.45
10.31
10.13
10.21
9.15
7.81
7.39
11.16
14.16
13.42
11.22
10.13
12.4
19.14
20.86
18.92
13.37
11.31
15.47
16.02
16.36
17.07
17.72
19.76
20.35
25.06
24.14
25.37
23.19
22.89
22.33
3.01
3.22
20.34
22.46
21.2
19.3
17.6
3.67
4.29
6.65
4.24
4.64
5.14
11.84
11.77
11.52
11.24
11.15
15.24
15.64
16.72
14.12
6.03
19.79
16.56
22.07
24.3
25.08
22.9
22.59
21.67
20.25
23.18
16.69
16
16.96
16.9
16.6
14.54
14.19
12.8
4.31
5.34
10.81
14.7
17.34
20.82
22.2
25.85
27.1
27.69
28.57
27.62
27.7
30.44
21.18
25.2
4.01
8.22
5.19
8.96
14.19
16.25
16.29
13.08
14.25
13.58
12.11
10.67
7.05
8.18
8.72
28.21
30.54
30.3
30.7
32.13
30.32
20.87
7.57
4.02
3.64
27.74
21.42
19.11
17.92
20.13
23.31
25.64
6.14
8.87
10.15
11.64
13.4
14.68
13.87
11.21
11.04
9.93
14.68
19.4
21.76
25.99
30.47
30.32
29.64
26.06
20.53
24.03
17.18
14.65
13.56
11.27
7.39
12.06
18.64
16.39
15.86
14.2
13.3
13.07
20.49
20.56
21.02
19.77
17.85
17.1
20.49
17.7
17.44
17.1
15.33
13.37
20.73
21.45
22.2
25.23
24.97
21.71
21.81
19.71
19.78
21.27
22.92
23.28
25.62
26.21
25.67
23.95
24.05
23.38
23.46
22.48
23.92
24.85
24.2
22.56
21.63
21.4
22.25
22.56
21.35
24.31
30.07
28.94
23.48
21.7
22.6
24.8
28.74
30.11
24.21
22.17
22.76
22.95
23.38
23.36
23.74
24.7
25.68
26.46
25.58
23.76
22.56
22.33
22.42
23.52
24.46
23.91
23.35
22.66
22.27
21.44
19.25
25.91
26.25
26.31
26.14
24.71
24.7
25.67
25.77
25.96
25.12
25.07
24.02
22.36
22.9
22.91
19.87
21.21
23.52
22.66
21.54
22.58
23.23
23
21.86
22.29
21.93
22.23
21.71
20.84
20.53
21.02
26.15
25.85
25.99
26.84
25.57
24.2
24.29
25.18
26.27
25.63
25.09
24.38
22.73
23.06
22.66
22.69
22.42
21.45
20.95
21.18
20.82
19.87
17.6
18.29
17.14
14.9
15.19
15.73
15.96
17.06
26.72
28.08
26.65
24.01
26.44
26.86
23.01
24.43
22.19
21.54
22.23
21.58
9.65
12.56
17.46
16.73
15.49
13.06
11.38
10.9
8.16
5.79
6.15
6.09
8.05
9.75
10.78
10.94
12.93
10.32
10.63
14.99
16.07
17.38
18.69
17.88
14.48
10.13
8.39
7.14
9.81
9.83
8.52
6.6
3.29
26.8
24.03
5.14
6.54
6.37
6.5
6.52
7.1
5.36
6.02
6.86
7.72
6.45
11.19
20.63
20.97
13.98
17.53
20.87
4.06
8.64
10.95
10.25
8.53
8.28
8.84
9.77
9.75
13.01
12.67
10.6
9.55
9.03
5.7
4.02
3.27
3.36
5.39
9.26
14.27
11.66
13.79
14.33
14.99
16.54
18.71
18.26
15.59
11.74
11.67
12.38
12.44
12.45
17.97
17.56
19.94
19.28
19.23
18.36
18.01
18.06
16.6
17.68
18.22
17.53
15.49
15.71
15.2
14.63
11.78
16.35
16.85
18.66
18.11
19.15
6.53
8.48
6.45
14.19
14.99
16.54
14.63
15.55
17.92
18.18
17.39
15.98
16.44
17.39
4.74
17.98
3.95
17.75
20.67
22.65
23.16
7.14
9.64
22.33
23.04
23.93
22.52
3.45
6.86
8.75
12.66
3.9
26.4
24.92
27.4
26.92
25.85
27.48
26.1
24.33
21.94
26.19
26.89
27.86
27.14
23.66
5.21
8.09
10.26
11.74
10.85
10.85
9
12.74
8.63
9.31
27.95
5.6
5.55
8.05
8.14
25.21
24.96
25.09
19.95
19.8
19.38
20.82
20.34
21.63
24.28
3.45
8.36
5.46
29.12
29.39
29.94
32.6
5.59
9.82
11.59
7.19
10.29
19.67
22.11
22.79
21.16
20.48
22.44
24.66
23.33
20.81
18.95
17.18
13.56
12.96
16.54
5.96
29.19
7.8
15.14
23.54
26.51
24.25
23.92
18.19
16.65
23.2
28.66
27.76
20.98
17.59
24.1
25.91
24.71
20.9
15.56
11.34
13.41
14.43
19.44
18.87
20.49
26.7
24.08
24.36
21.3
18.76
20.22
26.21
27.98
24.15
24.1
25.26
25.57
23.64
24.59
23.95
22.12
21.71
22.74
26.75
24.44
24.33
23.84
22.82
21.71
22.69
26.62
27.93
26.05
26.31
24.79
27.88
27.82
26.37
28.07
27.46
27.64
27.96
27.13
25.15
25.42
26.33
24.44
19.52
18.48
21.21
23.27
23.25
23.15
23.95
25.09
25.25
24.95
25.15
25.46
23.21
22.8
20.34
19.36
19.56
18.24
19.79
28.33
29.21
29.03
28.05
27.72
28.21
25.13
23.71
23.59
24.98
26.19
26.26
27.08
26.98
25.71
25.43
25.97
26.5
25.75
25.95
25.02
25.35
24.19
23.14
22.59
22.48
22.74
24.12
22.52
21.39
19.86
23.39
23.56
22.81
21.52
21.59
22.7
23.04
22.4
20.68
21.38
21.89
22.52
22.67
21.8
21.07
20.87
20.8
20.93
20.41
19.15
18.56
18.92
18.49
18.93
19.32
18.42
17.32
16.76
16.91
18.78
24.89
21.25
20.92
22.72
25.92
23.64
21.1
18.59
21.79
19.49
18.8
19.28
21.19
20.96
17.82
17.6
16.94
15.43
13.33
11.45
12.12
10.94
10.36
8.14
6.36
5.33
3.57
4.16
4.16
5.39
6.29
9.53
4.99
4.93
4.5
4.32
23.86
23.03
20.91
18.77
15.59
13.81
20.03
19.3
16.07
22.24
3.27
6.09
7.81
6.28
3.23
3.81
4.2
5.79
7.23
7.83
4.48
6.63
5.7
5.59
6.15
24.23
3.91
4.08
3.46
3.5
20.86
3.58
3.62
3.15
18.84
17.39
18.02
18.36
11.46
10.29
10.4
12.42
12.02
11.88
12.83
4.91
9.9
11.66
9.69
10.29
10.62
9.15
10.21
10.15
9.44
10.06
10.76
7.84
11.7
14.11
14.24
11.24
11.5
12.21
13.13
11.42
14.95
4.94
4.71
3.7
4
3.81
5.8
5.35
5.09
6.92
15.66
13.63
16.09
15.9
16.47
3.02
4.26
6.22
5.53
7.11
8.2
15.93
14.83
17.75
13.65
17.71
20.74
22.53
22.48
21.28
20.98
18.03
16.01
18.28
14.81
13.68
11.19
13.8
14.82
4.19
4.04
5.76
6.52
9.39
8.9
8.26
6.48
5.16
7.97
9.81
16.36
4.92
4.17
21.83
21.5
20.57
22.65
5.01
8.03
7.59
7.31
10.2
10.89
13.26
14.86
16.6
16.55
17.83
17.2
15.6
14.54
13.63
8.83
10.22
12.24
13.21
3.9
9.37
7.88
11.93
18.59
14.38
11.34
7.65
4.97
5.24
8.77
10.23
9.06
4.13
4.43
7.46
7.44
6.68
9.42
15.06
16.31
15.79
4.7
4.7
7.41
8.63
14.92
18.18
17.28
16.2
14.65
15.71
11.4
13.59
18.39
12.85
5.62
13.34
13.19
10.1
10.14
13.11
18.31
19.47
18.83
18.72
19.36
17.59
17.55
15.75
10.96
12.13
15.03
21.36
23.95
24.52
24.33
21.36
17.93
18.83
21.47
24.18
21.73
18.08
16.2
15.26
22.28
24.08
22.79
23.3
25
26.29
25.98
24.79
18.96
18.73
21.43
22.43
22.3
25.75
25.62
24.02
23.82
24.36
23.18
24.08
24.77
24.38
25.82
26.11
22.07
17.73
14.72
10.58
11.59
13.92
23.03
24.13
24.17
23.31
20.13
18.81
18.79
19.23
20.54
23.13
24.11
22.11
21.64
24.82
26.48
23.91
21.52
20.83
20.72
23.52
24.46
21.48
21.01
20.91
21.6
20.05
18.07
17.26
17.22
15.38
13.77
24.09
24.55
23.5
22.85
22.02
22.98
22.52
22.9
22.79
23.28
25.07
26.66
25.8
24.44
25.04
25.97
26.16
24.41
23.37
22.48
22.86
22.78
22.56
23.44
21.55
22.09
23.41
23.76
22.5
23.1
22.61
26.81
26.54
25.99
25.74
24.8
23.44
23.71
23.77
23.97
23.49
23.69
23.62
22.42
21.22
21.32
22.43
21.61
21.67
21.34
22.51
21.62
18.59
20.41
20.31
18.18
17.48
15.74
16.54
16.25
14.87
19.43
23.58
27.32
27.58
27.37
26.74
24.58
23.09
21
18.69
20.75
22.63
21.82
21.44
21.75
21.73
22.34
23.99
18.84
7.55
13.29
14.3
13.06
15.53
14.15
11.49
11.89
12.24
10.09
6.17
23.15
12.48
14.46
13.14
13.81
12.69
9.9
11.9
16.69
17.1
12.65
13.25
13.77
11.1
11.1
12.39
9.19
7.66
25.11
24.38
20.37
21.07
3.53
4.69
6.99
8.11
9.59
9.79
9.36
6.6
8.76
3.09
3.05
22.85
23.88
22.01
18.66
19.36
19.23
19.34
17.19
3.07
4.35
5.65
5.63
17.42
15.64
16.68
3.21
3.19
7.12
9.44
11.43
11.74
11.04
11.7
11.18
11.25
13.69
15.64
15.74
14.83
16.32
18.82
18.59
18.77
17.1
16.05
17.08
16.68
17.61
18.99
18.06
17.19
15.63
15.36
15.84
15.86
15.93
15.8
16.19
11.87
13.36
16.13
21.23
5.54
8.2
7.44
3.84
7.68
9.47
11.22
14.45
16.52
11.74
10.62
10.98
10.75
14.49
16.56
10.55
10.71
10.75
10.99
19.96
19.82
17.97
13.66
12.49
5.42
12.64
10.49
7.43
9.46
10.39
12.53
13.97
14.35
10.88
11.84
13.31
13.82
14.52
17.89
16.58
20.13
20.78
19.4
19.02
15.69
19.27
23.07
24.03
27.49
23.91
28.69
26.82
22.19
20.9
22.35
23.5
26.21
29.53
32.92
32.58
31.42
29.73
3.41
5.23
8.72
6.27
4.32
27.35
5.02
5.29
4.7
28.65
27.51
8.2
9.42
9.72
9.66
10.8
13.43
14.14
16.03
16.66
16.93
17.36
10.8
25.15
27.79
28.53
32.17
33.77
7.14
11.18
10.47
8.47
7.68
13.38
16.28
18.64
21.58
14.2
5.69
5.02
8.33
10.63
16.2
22.41
25.53
25.05
25.2
24.22
19.47
20.68
21.77
22.48
20.98
17.63
21.39
22.79
20.83
18.19
20.68
19.59
20.49
18.87
19.62
22.97
21.17
19.59
25.26
26.05
27.88
31.45
32.14
28.14
24.18
24.28
27.26
26.77
24.2
24.13
20.79
21.56
21.61
22.04
19.91
16.75
14.98
19.45
22.97
23
22.17
21.58
24.1
28.29
29.09
28.5
27.44
26.57
32.86
30.72
28.37
27.68
24.9
24.86
23.48
23.62
23.76
23.64
25.11
27.39
28.68
27.62
23.56
18.38
19.26
21.3
23.07
23.64
25.95
26.03
26.15
25.8
24.05
23.11
23.54
25.07
24.95
25.35
18.03
25
26.19
27.07
24.74
24.37
20.83
21.57
23.43
24.95
24.3
23.07
22.66
22.99
22.51
21.67
21.69
21.94
22.18
21.43
20.77
21.56
21.33
21.54
21.37
20.9
20.77
21.26
21.02
21.64
19.97
18.81
23.4
23.61
23.17
23
23.11
22.59
24.76
24.1
24.09
24.58
25.23
25.52
24.57
23.11
22.23
20.83
20.22
19.81
20.07
19.78
20.15
20.5
20.08
19.96
19.72
19.2
19.87
21.73
21.42
21.16
31.18
27.53
24.6
23.3
20.03
17.67
16.24
16.2
15.51
14.69
13.61
13.02
12.87
11.8
13.33
15.61
12.73
15.55
15.89
16.16
13.33
11.57
12.62
14.36
13.54
13.63
11.22
9.19
8.43
7.34
5.31
10.46
9.77
8.2
10.11
9.4
8.05
11.01
12.07
10.56
12.33
17.08
16.82
14.41
14.99
14.95
15.04
12.99
13.55
14.22
12.95
13.49
12.76
14.84
17.53
13.19
11.72
16.54
16.35
15.51
15.6
8.43
9.24
8.62
3.44
14.83
10.23
10.29
3.65
10.57
5.12
6.34
10.55
10.91
10.37
5.14
5.07
5.49
3.98
4.43
10.44
10.27
3.46
8.39
9.69
12.14
16.11
13.44
10.44
13.19
14.85
10.07
18.75
19.16
16.67
17.19
18.84
19.18
18.37
15.27
3.75
17.92
20.61
20.58
21.29
20.79
17.74
15
11.78
11.95
15.44
11.66
14.32
17.26
16.86
4.6
5.94
7.54
7.25
7.54
9.02
8.51
8.67
19.11
19.5
19.26
19.75
4.59
4.49
3.21
17.79
19.84
20.54
3.21
6.35
6.54
6.82
7.9
8.18
6.9
6.9
7.12
10.19
10.49
11.49
10.87
10.87
9.9
10.85
10.7
12.66
20.14
18.89
26.11
27.39
27.26
27.01
27.2
27.32
24.68
18.88
3.93
4.95
7.35
26.46
27.53
27.38
27.68
30.03
32.55
32.85
5.84
11.02
13.17
13.78
16.79
19.81
19.33
14.71
11.17
13.91
14.82
9.61
11.15
13.92
17.01
15.33
15.49
12.29
8.74
7.55
7.06
9.39
7.57
8.47
11.99
15.06
10.66
11.04
9.72
7.71
12.29
12.48
11.21
12.78
14.76
12.13
13.51
16.47
17.99
20.4
19.1
18.49
21.47
17.21
17.74
17.67
19.47
21.88
25.8
23.73
18.91
17.74
19.85
21.69
22.11
23.12
23.61
26.17
28.13
30.13
24.33
18.57
17.93
18.08
21.02
21.43
16.57
17.03
20.23
22.41
22.41
19.85
25.31
23
20.25
19.47
19.09
20.66
20.01
21.4
21.4
20.53
19.53
14.03
15.49
20.22
23.95
22.92
22.79
24.23
26.31
26.05
27.21
23.07
21.81
21.61
22.25
23.33
24.85
25.36
24.67
24.56
28.92
27.72
25.95
26.84
26.86
27.39
25.39
22.46
20.3
23.4
26.39
26.29
23.86
20.72
20.17
20.89
22.82
25.35
25.52
25.11
23.31
21.05
19.81
21.82
23.01
20.6
21.42
22.99
22.72
23.52
23.25
28.8
28.06
26.97
25.94
25.15
25.68
27.03
27.48
26.04
24.34
23.12
23.72
24.29
24.56
22.28
22.36
21.63
21.85
21.59
22.52
22.39
20.68
19.03
18.86
19.47
20.64
21.03
21.96
22.11
22.19
20.88
24.68
24.45
23.47
22.47
23
22.8
23.02
22.07
18.47
19.82
18.49
18.69
18.44
17.59
18.92
19.16
19.09
18.41
17.71
16.68
16.8
17.4
16.97
16.86
16.97
17.92
18.9
19.72
17.61
16.69
24.2
21.65
18.19
17.63
16.98
16.87
17.08
17.56
18.63
18.9
18.28
17.82
18.9
18.74
17.58
16.7
14.5
12.81
13.21
13.31
14.57
14.04
14.71
15.2
17.19
17.1
16.91
16.39
14.19
10.38
10.63
16
17.06
16.03
15.53
16.05
14.61
16.99
17.23
12.37
11.85
14.97
15.29
16.46
16.5
13.4
13.57
15.53
16.05
12.41
10.56
12.15
11.06
9.01
8.91
7.06
6.43
8.43
7.01
7.53
7.25
3.79
14.61
12.59
13.92
14.97
9.96
10.34
14.82
16.49
16.84
15.38
17.8
5.1
7.7
7.97
6.5
5.43
3.46
4.35
4.12
10.35
10.2
10.96
3.46
6.38
7.5
7.99
7.06
10.27
11.16
8.72
18.26
18.28
19.14
19.28
20.59
20.28
20.13
19.42
17.44
3.75
5.32
3.98
14.19
11.78
14.75
13.03
13.05
17.29
4.67
8.01
6.71
5.68
5.79
4.76
3.61
3.7
4.15
4.62
4.34
5.63
7.19
20.56
18.99
20.76
20.42
16.29
19.34
17.22
19.36
19.44
19.58
20.12
15.23
14.92
13.94
4
4.76
4.23
6.37
4.68
17.38
15.7
15.62
18.68
3.55
3.17
3.04
4.97
5.44
12.84
10.38
6.32
5.84
13.77
17.26
3.77
21.35
22.58
22.62
16.96
14.49
13.65
4.19
5.05
4.06
20.22
5.84
17.74
20.98
22.95
10.45
6.29
10.37
15.21
15.51
14.62
14.93
15.71
10.8
11.95
7.74
8.25
10.45
12.18
8.9
7.3
10.61
14.05
11.94
11.89
13.49
16.17
15.09
10.77
8.36
4.18
4.75
8.17
8.44
9.23
9.72
9.8
8.01
3.42
31.7
5.65
11.29
10.39
13.08
10.1
28.22
26.18
22.98
5.47
13.56
16.57
18.16
12.51
25.5
4.6
6.67
10.29
14.65
13.94
9.5
6.41
7.09
9.46
14.47
18.72
21.2
22.15
23.8
25.16
21.51
17.63
14.77
14.2
14.73
14.69
14.35
23.59
24.18
19.09
16.47
20.73
22.3
20.37
19.89
21.45
24.18
24.44
23.69
22.48
21.15
21.53
22.43
23.28
23.84
24.44
23.28
21.15
19.65
19.81
22.35
22.25
21.02
21.38
23.74
18.24
9.3
18.03
18.77
20.62
25.11
26.78
26.7
27.17
26.46
26.17
26.27
25.05
25.37
25.66
25.44
25.01
26.15
24.48
23.68
25.11
25.52
25.7
25.6
23.89
23.87
23.62
22.52
22.82
23.48
24.03
24.62
23.93
28.07
27.84
27.86
27.57
27.45
28.01
27.47
26.44
25.57
24.39
24.58
25.83
26.38
25.53
25.9
25.51
24.29
24.35
24.58
23.66
23.65
23.32
23.23
23.6
24.04
23.02
22.6
21.88
21.79
21.68
20.37
24.8
24.99
20.25
17.9
19.33
18.98
19.54
19.86
17.64
15.28
16.21
17.26
16.89
18.63
18.39
18.94
19.97
19.72
19.35
18.18
17.82
17.33
16.84
16.09
15.35
15.2
15.13
15.61
15.59
14.99
16.85
16.03
17.08
19.03
20.58
21
20.22
21
20.48
15.45
10.15
8.56
10.86
12.14
12.37
12.1
13.04
14.04
12.54
9.48
9.33
9.54
10.11
10.02
10.94
13
14.11
12.81
12.47
11.36
11.82
18.44
18.2
15.08
14.71
13.81
14.74
14.28
14.07
11.21
16.37
18.03
15.45
14.54
16.16
16.61
14.69
13.98
12.84
11.21
15.94
11.81
9.25
12.69
14.99
12.78
11.49
12.56
11.4
14.22
12.31
7.6
7.14
4.99
15.45
12.32
13.77
18.9
4.89
5.2
7.21
7
6.19
3.98
3.91
3.56
18.95
18.86
11.6
11.68
5.26
8.84
10.6
11.87
10.58
10.66
11.83
10.36
10.5
10.02
9.13
9.86
12.21
12.39
12.53
12.49
15.11
14.12
11.8
12.09
12
11.68
16.08
17.24
13.32
18.43
21.56
3.7
6.2
4.81
4.55
5.61
6.67
6.5
9.35
9.87
10.22
9.26
13.12
7.04
6.38
7.54
7.12
18.3
18.67
19.62
20.92
21.83
21.28
17.8
15.68
15.92
19.43
4.72
6.01
5.97
9.49
6.44
20.45
20.51
20.15
3.49
4.46
5.12
5.61
7.97
8.09
9.94
10.83
12.32
11.32
11.89
21.29
22.31
21.08
19.15
18.1
19.47
24.14
22.69
16.36
25.21
25.86
22.98
19.92
21.62
18.98
21.43
18.48
14.95
20.99
24.17
26.26
4.47
7.42
8.79
9.91
26.99
27.22
19.44
6.16
23.62
26.06
27.77
26.71
26.43
28.24
27.55
5.81
19.18
4.4
6.81
8.47
4.89
3.5
6.76
9.74
12.13
7.49
8.09
10.94
15.09
12.02
11.61
15.52
20.48
20.67
23.14
23.63
23.28
21.73
15.85
14.76
19.06
23.65
25.69
27.64
27.68
24.63
17.82
10.36
7.99
9.35
12.85
15.14
16.76
21.05
26.55
30.81
27.34
18.91
13.37
7.31
6.48
3.21
4.83
10.32
14.62
17.33
16.05
14.88
19.32
23.12
23.31
23.59
21.81
23.77
21.45
21.69
21.45
20.66
20.58
22.56
24.31
23.43
22.04
20.5
20.89
25.31
26.44
24.18
23.51
24.77
25.51
23.82
22.17
22.71
20.43
18.6
18.11
17.44
18.65
18.81
19.58
25.52
26.01
26.01
25.72
23.76
24.56
24.9
27.31
27.76
27.72
26.37
25.03
24.54
25.09
26.17
28.7
26.58
25.11
26.01
24.07
21.99
19.03
19.97
20.3
20.09
20.21
20.36
19.66
19.77
21.07
21.21
28.14
28.49
28.89
27.36
26.54
26.29
24.3
24.08
24.24
25.5
24.82
24.72
23.69
24.8
24.62
24.88
24.75
24.31
24.03
24.72
25.06
24.48
24.3
23.77
21.51
20.81
18.89
18.39
20.6
20.2
21.31
25.73
25.85
23.33
23.04
24.22
25.16
21.53
23.91
21.47
22.31
21.77
21.54
20.7
20.78
20.97
23.06
22.03
17.74
17.18
18.91
19.7
20.13
17.93
18.45
19.01
18.51
15.54
15.78
15.98
15.36
20.98
23.01
23.16
21.96
21.96
21.96
21.23
23.35
24.2
23.49
20.81
20.33
20.06
20.47
18.09
15.43
14.63
12.81
11.15
11.7
11.13
9.77
11.53
11.68
12.45
11.53
11.13
8.81
5.5
5.6
5.5
10.13
12.89
13.1
13.27
12.18
11.7
8.73
8.48
10.43
10.61
14.03
16.93
18.41
19.45
17.21
16.07
13.79
12.52
9.85
4.15
3.79
3.46
5.23
10.8
13.98
14.95
17.77
15.45
13.23
9.96
23.81
5.18
6.81
7.58
6.15
5.16
4.52
8.91
12.28
12.26
12.67
9.71
10.35
10.31
6.13
7.21
7.85
9.9
9.88
9.75
7.5
8.99
12.41
14.06
14.87
15.43
14.87
14.48
14.33
14.16
8.66
12.12
15
10.6
11.82
12.03
3.02
4.38
19.83
21.23
20.54
22.42
21.37
17.43
4.55
19.93
22.2
3.08
3.61
6.34
8.04
9.69
10.02
8.95
9.8
11.73
11.15
11.31
9.45
7.4
6.39
7.73
15.22
15.99
15.89
18.23
15.35
18.18
17.05
19.69
20.49
20.54
21.7
20.87
3.93
6.27
6.48
5.53
7.65
11.28
14.03
15.82
18.81
12.87
6.76
5.46
9.56
13.14
15.18
13.74
25.6
21.32
18.02
19.86
20.61
18.27
14.36
21.03
16.12
14.73
4.92
5.42
4.97
8.01
27.3
27.56
28.03
24.41
5.01
5.25
8.9
10.05
12.87
14.51
14.56
8.57
10.8
9.03
11.02
11.06
11.82
26.47
25.25
28.97
31.49
32.19
3.1
3.34
25.3
25.26
3.5
6.62
8.39
10.53
11.99
11.94
21.22
5.97
13.21
7.74
27.71
29.45
28.06
30.22
26.68
6.52
8.68
6.16
6.16
9.63
11.78
6.33
5.17
6.94
8.59
11.87
11.27
11.19
12.96
15.03
18.46
18.76
13.49
5.92
32.33
9.72
16.24
19.59
18.87
18.95
18.08
13.11
7.24
10.81
12.85
15.48
19.85
23.84
23.99
23.5
24.52
27.45
27.29
22.82
19.3
18.58
22.12
26.16
28.88
29.86
26.9
22.12
22.94
23.51
25.31
24.67
22.58
22.64
21.74
18.81
11.1
15.13
20.58
26.18
25.33
24.72
25.33
23.59
21.09
19.37
18.29
19.3
25.07
22.4
20.97
17.07
16.95
20.11
22.48
23.76
23.58
19.56
21.36
23.48
23.7
23.64
20.93
17.56
19.87
21.64
20.64
19.77
20.13
21.44
21.52
22.46
21.54
21.58
22.54
23.13
22.48
24.7
19.85
24.58
24.91
26.35
27.28
26.94
26.82
26.44
26.65
27.85
27.81
26.31
26.02
26.71
27.07
27.44
26.42
25.39
25.77
26.32
26.41
25.67
24.88
22.61
21.98
20.48
21.78
21.47
21.9
22
20.98
20.42
25.47
26.2
25.83
26.39
26.42
26.02
26.08
26.45
25.34
25.15
24.51
24.63
23.98
23.72
23.06
21.55
22.16
22.32
22.62
21.23
20.75
17.87
20.36
19.34
17.43
18.62
18.49
18.56
17.65
17.06
25.84
26.53
23.89
22.84
23.3
25.15
22.7
22.26
22.59
21.67
20.6
20.52
17.5
17.1
15.74
16.79
14.76
15.26
13.67
15.36
17.75
18.04
15.3
16.2
13.73
12.77
12.37
12.01
9.94
9.25
7.97
12.31
12.15
11.94
11.29
10.5
9.32
7.87
9.08
5.12
3.01
22.27
18.99
18.5
18.9
21.25
23.76
6.26
7.59
8.71
11.08
14.39
15.25
14.74
17.7
18.41
19.38
18.74
14.84
12.97
13.75
3.04
4.58
8.97
10.36
10.85
10.19
10.21
6.48
5.57
4.49
4.45
3.62
5.86
8.14
8.43
8.93
10.5
9.86
8.93
7.43
5.2
5.8
8.31
5.88
9.13
8.33
10.5
9.01
10.19
9.57
9.57
11.8
12.4
12.39
12.52
12.38
20.54
21.14
19.38
21.32
18.58
18.59
20.78
3.81
3.88
3.68
5.02
5.32
7.23
8.5
7.04
8.01
11.08
6.38
7
7.26
7.85
8.06
9.31
9.19
8.79
9.97
10.44
10.62
11.25
11.08
11.15
14.67
16.53
15.9
13.68
15.33
15.46
17.42
7.99
4.68
20.89
19.14
19.82
21.29
20.53
3.02
5.08
8.96
8.6
4.06
23.57
22.46
21.33
21.56
23.01
23.72
24.45
23.83
21.06
23.55
25.27
5.45
5.45
4.53
4.77
3.34
26.43
26.9
28.65
29.91
3.75
31.32
5.1
7.03
8.55
8.63
7.48
9.81
11.37
12.37
13.15
13.32
15.19
15.71
16.32
9.2
4.26
6.22
8.03
9.58
12.92
27.83
3.34
11.8
8.58
17.98
5.54
28.75
30.83
32.84
24.2
29.38
28.82
21.22
5.81
11.32
15.47
14.08
18.23
18.96
8.2
6.27
8.39
11.7
12.83
11.98
15.6
20
20.94
19.02
17.59
3.4
27.88
25.56
5.09
6.26
7.43
9.84
13.15
8.97
9.65
11.34
14.01
16.61
19.77
18.61
23.69
22.48
22.79
19.25
17.29
17.7
17.33
16.95
18.95
20.75
25.1
25.75
25.95
27.24
25.98
22.71
21.33
20.97
23.69
19.63
23.25
17.57
19.45
20.22
21.69
21.99
26.9
27.88
23.66
18.68
17.14
19.65
22.02
21.79
19.09
15.7
15.88
16.34
17.11
18.37
25.48
27.35
26.92
27.15
26.74
28.39
28.05
27.62
26.72
21.99
21.19
22.21
22.36
21.64
18.99
17.09
18.72
19.01
19.66
21.09
20.4
20.97
22.09
22.89
25.76
28.84
26.43
24.54
24.05
22.29
16.4
24.35
25.15
25.9
25.08
24.55
25.36
26.09
25.75
26.28
25.64
25.19
24.44
24.22
24.34
24.08
23.58
24.26
25.75
26.4
24.77
22.82
22.57
23.43
24.04
23.5
23.29
23.11
23.18
22.09
21.33
21.82
23.39
22.64
20.18
19.72
21.21
20.62
20.55
19.47
20.67
21.57
21.85
20.89
21.78
22.07
21.69
20.38
19.49
19.58
19.5
20.07
19.72
19.21
18.47
19.29
19.34
18.81
18.39
18.59
18.42
17.39
23.58
22.15
21.63
22.67
23.79
23.3
23.03
22.4
21.82
21.56
19.76
16.6
16.14
12.35
13.5
13.69
14.99
17.19
18.13
16.14
14.3
12.73
10.61
8.85
11.07
10.42
10.4
8.7
7.74
8.7
9.31
15.08
14.03
12.91
13.64
12.11
9.75
11.38
11.98
13.64
15.75
12.48
8.88
9.51
11.12
10.86
10.07
11.29
14.69
11.77
9.94
10.93
11.06
10.91
11.66
11.32
12.11
10.39
10.15
7.98
7.25
10.03
12.78
3.11
4.87
5.74
6.79
15.17
11
13.23
13.64
11.3
10.06
4.7
7.29
10.25
11.2
11.41
9.53
10.11
8.9
10.04
4.21
5.09
6.77
8.97
11.47
12.03
10.38
8.06
9.15
9.94
11.9
10.6
9.75
11.37
8.89
11.72
10.33
3.35
9.54
9.18
3.34
10.89
11.68
11.95
12.59
4.43
5.18
6.65
6.65
7.4
8.79
8.37
18.5
19.75
21.54
22.46
4.6
6.36
7.25
9
10.46
15.49
16.87
13.14
7.37
9.09
10.11
5.89
4.46
4.59
17.46
5.76
9.15
8.43
6.29
5.59
7.75
8.26
7.5
5.78
6.29
7.88
13.44
13.33
13.95
14.95
12.78
10.34
10.81
22.49
4.01
3.28
3.43
4.99
5.14
7.75
7.38
6.83
9.09
9.76
8.48
8.42
19.13
20.35
22.16
20.28
22.77
21.1
3.84
7.57
10.67
11.11
13.32
13.34
9.52
4.19
3.19
23.91
3.93
6.31
25.26
4.24
5.02
29.83
30.41
30.65
7.08
10.5
6
8.93
5.27
28.1
6.68
12.24
12.59
17.31
17.34
18.64
17.55
15.22
15.41
9.55
10.94
11.51
10.42
9.91
13.27
11.97
9.8
12.02
11.27
11.27
11.45
3.7
8.14
14.62
18.12
18.8
19.77
16.8
17.85
20.72
22.56
21.43
10.63
11.19
16.99
20.11
22.11
23.31
16.46
7.73
7.99
12.77
19.21
20.9
21.58
19.7
19.28
23.28
22.15
21.09
17.6
18.7
20.3
21.61
25.57
26.39
24.95
24.79
22.74
19.32
19.94
21.53
23.69
25.85
26.59
25.18
24.9
24.18
20.32
18.86
18.96
18.14
19.4
19.17
17.91
19.12
20.84
22.58
19.94
23.76
26.52
28.35
29.7
29.7
28.13
26.25
22.07
21.11
20.23
19.46
22.4
23.89
25.95
27.99
29.41
28.19
27.21
25.9
24.17
21.83
20.89
21.3
20.56
18.42
18.7
17.75
18.93
20.42
18.15
16.93
25.96
26.06
24.43
24.47
23.98
22.52
22.67
21.66
22.27
23.69
24.85
25.22
25.6
25.04
25.89
24.66
23.14
22.75
21.94
21.21
20
20.47
19.65
19.57
19.53
19.34
20.94
20.59
19.5
18.78
18.93
23.95
24.27
24.76
24.62
24.52
24.51
22.93
22.48
22.48
22.71
22.11
22.69
22.62
22.2
22
22.45
22.91
22.62
22.33
22.01
21.14
18.77
17.9
16.99
16.7
17.14
17.21
16.67
15.93
16.34
25
25.92
25.63
22
22.82
24.79
23.93
21.69
16.22
5.18
10.38
12.87
15.57
16.12
18.49
20.22
19.43
19.2
17.6
17.14
15.32
15.51
15.49
15.47
16.87
12.45
13.12
11.3
8.49
9.19
4.35
5.59
3.61
5.03
6.28
8.28
6.76
6.86
9.66
12.2
11.81
13.32
12.46
11.62
9.42
4.95
5.51
6.78
7.98
8.76
8.02
8.02
10.24
8.88
10.37
9.19
8.54
9.7
13.79
13.7
12.13
6.92
7.5
6.86
5.99
4.58
16.83
15.26
20.32
20.9
20.19
20.01
19.11
19.48
20.48
19.77
19.75
21.26
21.56
15.21
14.5
16.17
11.2
4.91
10.97
6.88
11.62
6.57
10.29
12.11
11.8
11.79
11.89
11.85
11.85
12.71
12.81
12.59
12.37
12.59
12.01
11.79
11.8
11.94
12.13
11.87
11.85
11.86
11.88
12.44
5.25
7.56
4.26
7.05
3.93
12.73
12.76
3.86
5.86
5.11
6.46
9.54
10.75
11.33
11.32
11.69
11.28
10.83
11.46
11.73
11.74
11.97
12.16
12.41
12.3
8.5
10.3
14.25
16.84
12.32
11.06
7.37
16.98
15.16
15.52
4.78
6.23
6.44
7.43
12.78
16.52
17.03
7.4
10.67
7.68
15.2
17.72
20.41
3.02
21.4
19.95
17.59
21.58
24.24
26.8
28.74
28.01
28.9
28.47
3.3
7.77
10.02
9.65
5.62
27.97
28.54
28.14
3.8
28.98
31.18
5.53
10.93
12.06
5.32
6.46
10.47
10.75
12.89
12.08
7.19
26.76
29.08
28.49
4.62
6.41
8.22
12.1
14.49
15.06
16.12
17.04
14.46
5.43
6.22
7.57
11.07
15.19
17.07
17.96
19.83
17.91
18.42
18.34
12.17
5.47
6
13.49
23.73
28.92
24.37
30.89
31.54
6.6
18
13.37
16.84
10.59
9.87
6.97
6.86
13.68
18.72
16.84
15.18
15.14
16.95
19.96
21.39
22.82
22.97
21.66
19.28
17.7
15.26
21.69
21.87
21.63
23.2
27.06
27.75
27.9
28.52
28.29
26.83
27.72
29.37
27.11
25.54
27.18
25.23
24.72
25.46
22.71
20.27
17.83
20.48
23.25
25.54
25.77
22.97
21.51
23.12
21.12
17.21
22.25
24.91
25.76
26.62
27.54
21.5
21.17
20.6
24.03
25.88
27.86
28.64
31
30.68
27.88
25.46
23.72
22.31
21.93
21.56
21.25
20.72
20.62
20.36
19.36
19.62
20.27
22.64
23.89
23.8
24.17
28.41
27.67
26.4
24.97
25.75
26.17
26.3
25.62
26.31
26.21
25.78
24.84
23.89
24.54
25.18
23.72
22.02
21.9
22.09
22.51
22.08
21.55
20.96
19.6
19.33
17.52
17.38
18.9
19.07
18.6
17.3
23.51
25.3
25.01
24.71
24.66
24.25
24.27
24.29
23.06
21.91
21.51
21.18
19.91
18.16
14.87
13.11
12.54
13.62
14.69
15.72
15.79
15.58
15.77
15.72
15.61
14.67
15.9
16.55
15.94
15.74
22.84
21.56
19.53
21.35
23.22
22.7
20.83
18.74
15.3
17.37
18.09
17.04
16.26
15.93
16.05
13.67
13.29
15.41
11.84
8.97
10.5
10.55
12.64
14.09
11.03
10.3
11.34
11.34
11.72
11.89
10.07
15.96
14
12.33
13.75
10.15
11.51
13.51
13.81
13.6
14.95
13.47
12.46
11.92
11.87
10.8
8.73
8.65
9.27
11.92
15.51
13.57
9.85
8.99
11.57
8.48
4.73
3.66
4.15
3.68
4.78
19.13
20.04
4.83
3.36
4.12
11.28
3.09
4.45
4.85
4.02
6.44
8.95
7.23
8.9
8.68
10.85
8.9
7.97
8.18
8.74
8.72
9.8
11.24
10.38
12.14
15.97
12.55
12.55
13.73
15.37
15.55
9.27
10.37
11.05
9.28
12.33
11.84
11.78
11.88
12.11
11.97
6.01
7.3
11.97
3.67
3.13
12.48
12.38
16.73
3.86
5.63
7.77
8.04
7.19
6.46
6.36
7.87
9.19
11.03
10.98
11.74
10.98
19.7
19.43
16.66
16.58
11.66
19.29
21.25
3.66
3.91
3.7
11.87
14.57
13.74
15.84
15.38
12.34
13.27
16.85
5.25
20
20.85
24
25.17
3.34
7.29
9.07
15.71
19.51
3.38
20.87
22.02
23.79
6.94
23.62
22.07
3.71
3.77
5.75
30.04
29.16
24.79
24.83
3.95
6.05
4.4
6.16
7.38
8.31
5.84
29.25
23.11
3.84
6.68
9.35
10.35
12.26
17.4
20.37
18.94
15.63
10.42
9.09
10.91
9.91
7.76
5.13
7.33
28.44
5.62
4.51
5.84
12.35
16.9
20.1
19.53
15.19
10.99
17.26
19.97
17.45
14.81
13.78
12.05
8.01
8.85
9.93
11.4
13.87
17.85
20.3
19.77
21.09
21.39
25.2
25.46
17.59
12.7
16.08
16.39
15.97
14.8
14.39
14.92
19.1
24.03
25.76
26.48
27.27
27.12
26.21
25.5
19.66
11.6
10.4
11.83
18.31
19.7
20.19
22.75
26.1
27.26
22.28
24.28
27.65
27.13
25.87
23.74
24.69
29.63
29.55
33.71
29.88
25.64
24.59
24.05
24.18
25.39
25.57
24.44
23.15
21.58
22.04
23.12
26.49
26.88
24.95
23.25
22.71
23.61
25.77
29.37
28.82
29.82
28.94
27.17
24.82
25.68
22.72
21.44
19.85
19.19
19.95
18.97
17.83
18.7
18.99
19.77
22.89
23.05
21.76
22.99
24.37
21.46
19.66
19.42
19.93
20.74
19.56
17.54
17.54
18.7
27.77
26.39
26.51
25.87
24.16
24.68
25.2
25.5
25.43
23.82
24.05
25.88
25.29
26.05
26.74
25.26
23.88
23.28
22.87
23.47
23.97
24.07
23.64
24.57
24.99
23.22
21.16
20.37
20.38
21.24
20.63
24.69
25.29
25.25
25.07
24.44
24.2
23.72
23.88
24.17
23.73
22.82
20.95
14.8
16.43
16.01
17.45
15.31
18.11
17.7
18.56
17.85
15.81
17.86
18.54
18.13
18.52
16.83
16.78
16.61
16.07
21.48
24.64
22.34
15.99
10.53
4.83
7.66
8.31
10.73
12.81
15.74
14.59
14.67
13.31
16.08
15.51
14.74
12.91
11.49
11.89
11.26
11.45
10.94
10.53
8.74
10.3
14.57
13.81
13.33
5.37
7.97
16.87
18.37
16.82
16.71
9.51
11.79
11.21
8.05
9.04
10.69
10.78
11.4
11.1
8.15
7.66
7.85
9.34
7.14
9.55
7.49
6.41
5.4
4.6
5.12
5.53
3.25
16.49
19.89
21.63
19.47
18.75
21.1
19.34
15.83
13.82
15.95
13.3
17.02
3.25
5.63
7.79
8.06
8.45
7.1
4.72
4.41
4.31
6.23
6.63
7.35
9.78
11.74
15.01
19.34
19.34
16.84
16.51
17.91
17.73
18.12
16.82
16.99
12.09
15.9
17.31
18.97
17.65
17.94
17.55
17.84
18.73
18.75
18.68
19.99
23.05
25.17
25.79
3.44
4.26
3.67
20.2
3.86
5.84
5.54
21.05
19.93
17.94
16.08
13.23
14.95
3.16
4.21
16.15
15.52
15.42
17.73
18.31
19.95
22
23.11
21.76
21.33
21.12
20.81
22.1
23.79
21.89
22.9
5.5
21.7
18.8
10.04
20.02
21.95
20.16
15.25
13.53
6.8
19.18
5.16
13.52
13.2
3.25
7.33
9.94
8.77
6.2
8.94
8.33
8.16
10.11
12.14
20.65
19.55
16.53
10.04
15.65
5.77
6.16
6.47
7.64
8.14
11.28
12.71
14.19
14.97
13.84
10.35
10.52
13.23
15.47
8.82
7.38
9.31
5.02
3.99
3.67
7.55
10.07
12.29
15.76
15.47
8.31
9.15
13.7
17.2
16.55
18.34
17.09
19.18
21.35
23.17
23.71
19.94
17.01
13.59
16.5
21.51
22.35
22.9
22.22
19.28
17.48
17.78
20.98
24.82
28.13
28.77
24.33
20.19
21.09
21.54
22.37
22.03
23.65
26.06
23.24
20.15
24.41
23.31
16.39
18.42
22.3
22.75
23.28
20.79
17.82
18.27
21.28
25.01
27.57
26.21
25.69
24.87
23.2
23.2
22.82
22.76
24
24.28
23.46
22.92
22.35
24.41
26.88
25.85
21.02
22.82
26.03
26.65
25.44
26.03
26.29
22.84
21.22
22.66
23.84
23.64
22.89
17.42
15.03
16.13
26.74
28.66
27.82
28.52
29.01
27.72
26.62
27.27
28.05
25.03
24.86
24.03
23.99
24.74
22.93
21.97
20.52
21.4
22.66
24.8
27.05
26.19
23.97
24.68
25.64
26.15
26.58
25.46
25.54
25.31
25.46
29.07
27.02
26.29
25.91
25.91
25
24.9
24.43
23.65
24.05
24.43
24.46
25.52
25
25.04
24.73
24.89
24.31
23.47
22.77
22
21.87
22.35
21.57
20.24
19.03
19.28
19.96
19.67
18.96
17.89
23.56
24.59
22.62
22.66
23.71
24.27
22.5
21.32
20.46
19.87
20.01
19.13
18.11
17.95
18.41
17.62
17.29
17.6
17.22
16.81
17.24
16.84
17.11
17.39
16.88
17.37
17.08
16.15
15.73
15.99
23.49
23.37
23.76
22.88
11.97
18.59
15.32
17.31
16.68
15.03
10.67
9.71
8.22
9.18
11.13
12.47
12.16
11.78
12.18
12.14
13.58
14.15
16.56
16.6
15.45
15.18
14.17
15.93
11.32
10.36
8.24
15.45
15.17
15.1
17.02
15.21
14.31
11.85
13.06
13.79
16.03
16.61
18.84
17.92
17.19
16.82
16.31
14.86
16.91
16.61
11.64
11.47
10.41
10.8
12.93
14.8
12.07
12.33
9.21
9.77
9.21
5.92
5.61
6.88
4.76
4.06
4.2
21.67
18.99
18.73
3.69
4.25
16.04
18.17
14.23
15.32
17.48
16.86
12.83
10.45
10.42
10.47
3.73
4.97
8.08
4.47
6.17
7.66
7.97
9.77
9.8
8.74
12.06
15.43
18.46
16.77
19.47
19.18
15.82
19.48
21.74
3.93
5.77
3.2
4.01
16.45
11.81
4.24
12.61
5.4
18.79
22.27
22.37
15.97
3.37
5.21
4.83
8.03
11.31
12.87
10.44
14.33
15.13
11.8
11.75
15.13
16.05
15.74
15.63
16.78
18.04
14.12
15.23
19.47
20.07
20.67
19.71
4.27
17.33
16.59
18.53
19.29
19.88
4.93
5.78
7.03
9.75
10.55
11.55
12.66
15.2
20.69
4.45
5.55
5.71
7.7
9.89
3.67
25.94
25.88
3.25
21.91
4.3
4.62
5.58
6.25
8.85
10.57
12.26
15.06
15.69
9.57
28.16
24.85
25.68
23.92
18.9
21.49
4.47
11.11
14.34
16.81
10.2
11.89
19.45
14.92
11.42
13.7
11.89
17.17
15.06
11.7
9.85
10.07
6.27
27.85
6.22
8.22
11.8
13.3
15.38
15.47
17.77
21.27
21.08
19.05
18.88
20.27
21
18.53
15.49
8.85
33.63
5.84
8.33
13.49
19.55
21.88
20.9
15.97
13.11
13.68
17.29
18.83
19.1
19.17
21.81
23.8
25.87
26.44
21.62
18.23
16.88
14.8
16.88
17.74
14.8
14.05
19.28
21.62
21.69
25.57
22.3
24.82
28.16
27.24
26.52
25.49
24.38
24.05
23.28
26.23
30.19
28.5
24.77
22.38
22.79
24.36
24.08
23.1
19.91
19.53
20.68
18.73
18.37
18.55
22.15
22.87
22.3
22.56
21.69
20.3
20.99
27.5
27.88
28.52
26.52
26.48
25.35
23.19
22.42
24.84
26.72
26.82
24.31
22.48
20.95
19.03
16.93
17.66
19.38
21.36
22.07
22.01
21.78
21.89
21.93
22.15
21.74
20.91
19.85
18.93
18.68
14.28
24.22
24.81
25.99
26.97
26.98
26.48
25.98
25.46
25.99
26.75
25.98
24.83
24.57
24.27
23.26
23.4
23.88
24.37
23.66
22.42
22.27
22.84
23.28
23.95
23.15
21.44
21.43
20.72
20.4
20.27
18.55
23.15
23.93
24.59
23.83
23.9
23.71
24
24.01
23.87
23.36
22.6
21.9
21.53
21.52
21.34
20.87
20.77
20.35
20.31
18
17.64
16.98
17.49
18.1
19.59
19.76
18.96
16.86
16.58
16.88
22.82
22.67
21.52
19.26
19.91
17.5
16.37
14.86
14.65
14.09
13.21
9.62
13.02
15.62
14.4
10.99
11.99
14.34
14.9
12.81
14.17
12.28
10.97
11.62
12.98
10.09
8.98
9.71
7.66
8.58
9.65
15.19
14.13
10.39
16.87
15.25
14.91
15.64
15.06
16.26
15.51
13.9
10.05
8.58
10.11
10.3
10.07
10.46
12.2
9.23
8.82
8.88
8.09
8.07
7.87
14.09
10.84
9.42
11.49
12.26
10.52
3.09
5.84
5.96
13.06
13.91
12.38
10.82
3.85
4.76
7.52
10.38
11.35
8.74
9.73
8.08
8.37
7.99
10.67
8.41
8.66
11.87
10.23
11.06
13.13
13.46
13.17
11.06
10.25
12.09
14.66
13.3
19.8
20.35
22.87
21.67
20.59
18.51
11.76
9.73
11.91
4.07
11.91
12.27
17.16
13.55
14.22
3.72
4.59
4.54
6.32
4.47
3.35
3.74
3.79
17.71
5.3
9.09
10.06
9.92
9.97
9.62
10.13
18.39
20.05
20.4
19.82
19.79
17.68
16.58
17.82
19.83
20.51
21.03
22.3
23.51
21.7
20.73
21.65
4.02
20.75
20.04
21.96
21.89
22.8
22.9
23.15
23.33
24.78
22.88
23.29
22.74
21.65
17.25
17.63
17.2
22.03
16.72
21.18
19.95
21.9
17.62
22.91
25.22
23.09
24.55
25.76
26.78
26.57
22.65
17.74
3.21
5.53
11.04
8.03
7.46
32.21
25.46
30.91
30.2
7.59
12.39
26.36
23.62
25.31
24.1
3.21
24.9
28.03
28.06
6.92
6.3
31.75
33.77
36.95
40.14
4.54
10.94
13.57
7.3
4.81
4.24
11.64
15.57
14.81
15.95
20.29
23.93
22.52
17.15
13.51
16.31
15.47
11.83
12.73
15.14
18.38
21.17
20.11
16.46
17.7
18.91
22.3
22.3
19.55
21.77
20.64
17.82
18.46
21.77
30.13
32.2
27.34
24.48
21.81
17.48
15.93
16.46
18.68
20.75
25.38
27.42
26.81
25.65
25.31
24.67
25.36
23.43
18.91
15.05
16.9
19.22
19.01
20.43
24.54
21.97
23.64
25.18
27.03
25.85
26.21
25.03
22.22
21.53
19.09
18.65
18.94
19.96
22.15
20.43
15.93
15.23
18.14
21.99
27.15
26.64
27.41
26.72
25.09
25.5
25.37
26.99
28.17
27.82
28.21
28.17
27.72
26.8
26.82
25.33
18.38
16.01
17.5
17.91
15.32
13.5
15.05
15.03
14.18
16.83
16.83
15.97
15.07
17.34
18.15
26.24
27.13
27.95
29.41
29.31
28.12
27.38
27.14
27.07
26.6
26.88
27.14
27.02
26.85
26.65
26.22
25.93
25.44
26.34
25.66
23.99
24.18
24.58
24.51
23.07
22.91
23.26
23.19
22.35
22.04
22.15
25.37
25.03
25.42
24.18
24.12
24.21
24.51
23.69
22.92
22.89
23.28
23.15
22.86
23.47
23.83
24.25
24.16
22.91
23.11
21.77
20.2
19
19.15
19.89
19.3
19.34
19.73
19.81
18.52
17.49
23.24
24.31
24.33
24.06
22.57
22.13
23.83
25
22.9
23.28
22.26
22.99
21.23
20.91
20.04
18.3
15.64
13.31
15.55
15.34
15.09
13.69
9.79
12.73
16.27
15.74
16.52
14.97
12.06
13.61
11.7
14.99
13.75
14.61
10.13
11.23
10.61
9.1
10.78
9.38
10.5
12.11
14.91
16.56
15.83
17.77
17.1
14.91
25.15
29.37
28.72
25.95
26.4
27.21
25.48
3.55
6.63
3.72
5.74
3.79
3.27
22.29
21.82
22.2
21.92
5.39
4.58
3.73
22.81
24.27
3.58
22.93
3.58
5.63
8.06
10.5
13.23
16.07
15.78
15.1
14.68
11.74
10.83
11.89
13.52
16.55
17.25
16.03
16.55
15.37
15.2
15.3
11.9
12.11
12.44
17.35
4.87
16.18
4.01
4.33
5.25
11.7
4.74
11.65
11.96
4.95
6.97
8.55
9.45
9.76
10.86
11.47
13.83
13.67
14.02
15.97
17.11
15.86
16.68
10.98
7.84
8.7
11.48
3.06
6.84
9.68
11.13
12.53
11.68
9.45
4.65
21.23
18.97
18.31
17.31
17.75
18.14
14.22
12.45
6.12
11.76
13.93
13.25
14.76
17.88
20.06
13.61
9.73
10.11
10.34
11.64
19.17
3.58
22.1
21.56
21.53
3.02
23.11
16.25
4.34
7.07
4.56
7.29
7.77
7.29
9.61
14.32
16.79
18.83
17.94
15.75
14.54
12.8
14.58
5.19
13.49
16.45
6.4
3.19
4.97
6.05
8.9
20.17
24.47
16.85
23.73
27.17
25.39
5.84
14.71
19.83
23.9
26.67
22.06
22.32
22.98
3.59
8.33
15.25
16.63
14.9
6.08
33.79
33.87
34.39
5.46
9.66
12.21
16.03
20.62
20.75
19.91
21.43
22.75
22.79
16.91
14.62
13.79
16.46
24.25
26.66
24.29
22.33
23.2
23.77
23.46
23.54
23.28
26.06
30.35
27.3
29.79
31.03
29.75
22.6
25.84
27.87
28.32
30.13
30.73
32.8
31.93
24.37
24.18
22.48
19.3
19.45
22.4
22.61
25.62
28.29
26.16
26.31
26.7
21.89
21.97
23.84
27.36
28.75
29.96
28.34
22.12
19.96
23.25
25.15
25.33
22.46
24.05
25.49
21.45
21.74
22.92
22.74
25.7
25.29
28.47
28.45
28.39
28.6
28.76
29
28.64
28.66
27.72
25.42
23.56
23.35
24.56
25.23
23.97
26.92
28.52
29.13
29.56
29.37
28.88
28.29
25.37
25.27
22.91
22.68
23.91
24.68
21.27
26.54
25.95
25
26.14
26.09
26.13
26.52
25.75
24.88
24.4
24.26
24.1
24.08
23.52
23.36
21.2
19.52
19.25
18.42
15.14
14.71
17.34
18.74
19.49
20
21.23
22.56
23.57
22.28
21.79
21.58
24.66
24.5
25.26
24.81
24.24
24.01
25.24
25.39
24.19
23.11
23.79
23.3
23.57
20.49
20.35
20.9
21.33
20.86
20.8
20.81
20.02
19.66
20.26
20.51
20.66
20.3
19.79
16.6
18.05
17.72
22.32
20.87
22.02
22.21
21.73
20.75
17.56
17.86
18.46
18.4
18.23
19.13
20.31
25.17
20.83
19.09
17.96
17.48
18.44
19.39
19.28
16.73
14.82
12.77
11.34
12.79
9.75
10.11
10.73
9.25
13.42
18.28
18.28
18.61
17.94
18.13
17.1
13.9
14.05
13.94
12.43
12.93
14.82
6.24
6
6.11
6.02
6.48
5.96
5.87
6.41
9.44
9.44
7.83
8.69
8.18
7.27
7.79
8.56
9.96
9.49
19.32
13.46
3.71
17.48
17.67
16.97
3.42
5.07
5.84
4.81
6.67
7.33
4.8
5.36
6.94
7.27
7.46
7.37
5.38
5.12
17.15
13.49
14.12
14.77
6.34
6.98
8.1
9.67
5.74
18.27
3.94
15.6
17.19
11.5
3.58
3.72
17.19
4.05
4.59
4.6
22.39
4.67
20.86
21.03
23.24
25.07
24.34
26.53
24.68
20.86
3.39
5.06
4.74
4.69
5.66
9.89
8.39
4.67
6.13
5.44
4.22
9.59
16.34
14.98
14.7
14.47
15.72
13.2
19.45
5.74
8.56
11.38
10.49
7.9
5.5
20.48
21.01
16.31
15.1
19.52
10.79
11.11
15.49
18.05
14.48
10.9
9.96
8.16
6.82
9.07
19.39
15.99
8.48
5.85
5.9
9.42
20.91
4.38
4.95
5.88
3.04
28.82
30.96
30.62
30.71
25.09
3.28
4.27
3.17
5.47
5.45
6.94
10.8
14.71
14.02
15.34
18.12
19.2
12.82
14.41
17.07
9.99
9.8
9.61
11.13
11.21
10.07
10.77
11.04
14.24
15.98
14.79
14.22
12.83
9.47
11.67
14.57
15.41
15.71
15.19
12.43
10.75
13
16.9
17.88
15.93
15.95
13.65
12.45
11.83
12.4
12.32
13.04
13.37
13.79
11.3
8.52
6.71
7.61
13.07
13.49
13.22
16.72
16.84
13.9
11.76
20.45
22.22
19.17
17.7
16.5
16.12
19.85
24.48
25.2
25.61
25.23
22.75
21.54
22.26
20.68
20.79
27.9
27.98
19.45
18.86
23.56
25.36
23.36
23.02
20.35
16.55
21.69
25.9
26.9
22.71
15.21
13.95
17.16
22.43
27.29
27.13
21.69
19.09
18.24
22.2
25.03
26.23
23.77
19.14
16.9
18.06
24.37
27.72
30.43
29.01
27.29
27.46
25.97
25.23
28.35
30.43
27.17
22.85
19.6
19.4
21.89
27.07
28.56
27.54
28.66
27.56
24.52
22.89
22.82
23.7
22.93
23.15
24.33
23.99
21.42
19.87
20.68
26.05
27.01
27.32
27.38
26.87
26.68
26.65
26.85
27.06
26.26
25.12
26.02
26.39
24.83
23.42
22.88
21.51
21.51
20.24
21.91
21.57
20.43
20.4
20.52
20.52
20.78
19.07
17.64
19.53
20.09
19.86
24.36
23.44
22.84
22.2
22.61
22.13
21.61
21.11
21.04
20.6
21.01
22.35
21.61
20.3
19.38
19.63
19.7
19.45
18.95
19.31
18.99
17.31
16.93
16.25
15.22
14.88
15.95
16.81
16.65
15.56
21.23
21.44
23.83
25.86
24.98
21.73
18.48
19.3
18.74
17.52
17.23
17.63
16.2
16.39
8.91
11.07
9.21
28.91
4.66
9.52
15.18
16.85
14.84
13.08
11.66
9.75
7.53
10.9
12.64
13
13.54
23.17
20.44
20.29
20.22
19.25
17.02
15.49
21.68
17.81
16.07
17.1
17.79
16.54
16.37
16.28
13.77
14.2
14.03
13.83
14
11.96
9.77
8.15
7.38
8.02
6.37
9.64
14.74
16.61
14.15
6.17
3.27
6.46
7.19
7
6.3
9.44
10.58
9.61
7.15
3.19
4.62
6.32
6.4
6.79
8.18
8.64
9.01
11.49
12.94
13.54
10.42
10.54
11.27
12.61
14.06
12.69
13.32
14.95
15.14
15.7
20.79
21.22
23.2
22.12
19.18
19.02
19.42
18.9
3.09
3.86
5.86
9.69
10.42
8.72
7.04
6.78
5.72
6.74
7.18
10.41
13.01
11.9
9.05
12.7
11.08
11.47
11.94
12.56
15.32
14.8
14.35
3.17
15.41
20.4
16.83
3.72
3.25
17.09
3.93
3.98
18.58
17.66
17.92
18.41
3.98
14.52
18.94
19.13
12.57
6.78
6.9
3.02
8.16
8.43
8.3
8.6
4.49
8.92
7.2
12.81
15.92
18.51
17.35
18.44
18.3
3.02
6.42
8.16
6.68
23.3
25.96
4.21
8.87
9.63
5.25
4.84
36.37
9.26
12.89
14.84
14.86
15.06
15.88
14.34
10.5
5.32
7.05
6.83
7.68
16.81
17.39
5.67
28
28.92
24.99
27
6.68
22.64
23.62
6.27
9.39
9.82
7.87
6.22
7.74
10.42
7.98
7.93
11.86
14.65
17.36
21.59
26.04
27.21
25.66
24.39
23.06
21.27
18.72
21.73
26.59
28.36
31.45
20.79
4.79
7.8
12.85
18.8
19.51
25.38
27.34
21.69
19.32
14.84
7.88
12.7
19.89
16.84
15.86
20.45
20.56
20.53
22.11
20.72
25.01
25.72
26.93
23.39
16.8
23.09
26.36
27.26
24.56
24.85
24.85
21.3
21.09
23.61
23.92
26.13
27.75
23.87
24.31
24.41
24.36
24.85
24.79
24.9
23.46
20.5
21.81
19.83
21.92
25.85
25.59
24.08
22.84
22.69
21.69
19.81
21.07
27.25
28.21
32.76
31.66
31.33
30.88
26.86
21.95
21.09
21.48
21.27
21.32
20.78
21.76
24.86
25.7
24.82
24.56
24.86
24.07
21.91
20.54
19.62
21.76
20.19
18.99
20.34
20.32
20.68
20.34
20.27
26.68
26.67
27.19
26.47
26.56
23.86
22.17
23.28
24.64
24.21
23.4
23.78
25.29
25.24
25.38
24.42
22.83
20.84
19.62
19.74
21.65
23.84
26.18
26.37
27.07
26.06
23.88
19.77
17.25
16.53
17.4
22.28
22.53
22.16
23.8
23.75
24.25
24.29
23.27
24.47
24.18
22.43
19.76
19.23
18.99
18.08
18.76
18.75
18.26
18.41
18.23
17.26
17.68
19.43
18.85
16.82
16.6
17.21
17.48
15.77
17.08
27.45
27.64
24.33
21.73
18.76
20.39
18.99
17.56
18.11
16.1
16.6
17.6
19.36
17.35
14.25
14.09
14.23
16.62
14.61
13.56
11.74
11.11
11.64
10.11
9.94
8.1
8.77
11.03
11.61
11.68
7.07
6.3
10.15
12.09
14.28
16.09
14.91
14.95
15.6
13.68
10.56
9.29
9.83
10.37
8.37
9.87
9.77
11.29
13.08
13.96
13.68
13.9
13.9
13.72
13.08
12.15
13.12
12.97
12.78
10.28
9.94
5.63
6.48
9.61
17.64
17.19
15.05
12.12
13.48
12.38
11.97
12.63
11.18
10.06
8.22
6.71
7.6
9.38
8.06
8.95
7.83
11
12.9
17.44
17.31
16.36
13.73
11.14
11.35
13.38
11.47
11.91
10.53
10.99
11.92
12.08
12.04
11.85
12.26
12.36
16.69
22.38
22.12
21.53
21.9
3.2
3.37
17.88
15.15
3.09
17.22
4.03
7.11
5.77
7.49
9.47
9.89
13.24
12.75
9.96
10.37
10.39
10.49
12.11
16.37
17.77
3.06
14.27
13.56
10.73
10.27
8.74
10.08
11.28
5.5
7.94
6.2
4.61
7.29
6.82
4.49
6.33
22.29
19.79
16.17
3.68
8.64
24.25
24.24
23.41
21.04
5.97
18.48
20.62
24.2
26.14
22.63
22.94
23.75
24.45
22.73
27.73
26.98
4.86
7.66
9.2
5.86
23.59
21.18
23.99
22.9
3.9
21.41
19.34
18.64
22.57
23.58
3.56
21.7
7.22
10.72
14.8
15.14
5.1
22.25
22.11
25.46
5
12.13
12.59
30.53
30.07
6.33
9.17
10.61
14.62
18.58
17.93
19.45
21.78
23.36
22.08
15.87
20.7
24.17
19.99
8.44
12.51
17.8
20.13
23.17
27.26
23.47
13.64
12.81
10.93
6.45
7.84
16.8
11.45
11.12
11.12
14.09
17.78
21.39
21.54
18.72
17.1
19.17
20.72
21.88
24.33
22.67
18.42
16.65
16.46
16.46
16.31
20.34
20.04
18.57
20.45
23.31
24.1
25.8
25.44
27.36
29.73
32.22
32.38
29.01
26.21
23.51
22.46
24.18
23.56
20.68
21.3
24.31
27.01
27.36
24.02
24.23
24.08
21.94
20.07
19.5
20.81
21.92
20.07
19.53
20.94
21.79
21.33
26.68
26.86
26.72
27.78
26.5
25.86
25.62
26.35
25.72
27.07
29.64
31.04
30.23
28.35
27.5
27.23
24.56
19.25
14.3
16.95
17.83
19.11
21.03
21.42
22.33
22.23
22.5
21.32
18.77
18.48
18.93
25.59
25.47
25.55
26.93
26.23
25.52
23.73
22.46
21.02
20.72
19.34
20.02
20.83
20.65
21.26
22.76
22.94
22.94
24.24
24.57
23.72
23.03
23.3
23.13
22.94
19.77
18.9
20.21
20.57
20.36
19.81
24.05
22.32
21.02
21.81
22.64
22.35
20.74
21.61
22.09
21.89
20.97
20.94
21.61
21.76
21.06
20.78
19.62
17.22
16.56
16.25
15.56
15.75
16.2
15.74
15.23
16.35
16.52
15.67
16.18
15.57
17.6
18.51
16.62
16.45
18.55
17.77
16.22
17.52
16.39
15.72
10.17
3.95
9.31
11.82
12.77
13.31
12.37
9.98
11.11
10.04
9.02
8.07
5.41
5.31
5.18
4.51
7.87
10.15
11.01
11.89
12.45
17.96
5.42
9.49
9.32
8.67
7.27
9.94
9.4
8.58
10.13
11.83
13.01
14.13
16.8
13.81
12.91
14.99
14.39
15.66
13.79
14.74
15.57
13.94
15.04
13.36
13.47
11.47
11.25
10.43
10.78
7.29
6.98
7.15
4.89
4.7
5.43
6.71
7.93
7.15
8.2
10.5
8.7
7.81
7.79
7.48
8.68
9.07
7.58
7.75
7.33
10.06
11.64
13.36
13.3
12.01
12.28
13.77
14.23
15.2
15.63
15.18
18.17
20.61
22.51
20.53
18.53
20.09
17.87
18.23
19.01
18.92
17.66
17.76
3.35
5.84
6.26
5.84
9.71
20.31
16.54
4.52
4.95
4.59
6.55
8.18
7.97
10.13
11
10.98
11.73
11.76
12.44
20.71
22.56
4.21
3.57
5.23
6.31
8.47
9.32
4.89
7.99
19.08
21.27
23.23
22.48
19.5
8.67
12.44
12.36
7.03
11.25
11.49
13.27
14.46
16.26
12.38
25.38
5.29
11.38
17.51
6.57
11
4.01
4.23
22.83
23.44
23.16
25.63
25.17
25.84
24.83
25.64
22.87
3.17
18.62
3.36
4.19
6.44
6.88
9.46
9.78
12.08
15.17
15.77
12.69
11.85
12.91
12.26
5.55
5.42
24.24
26.25
29.75
30.22
33.04
35
6.54
9.63
17.45
18.58
20.02
20.75
23.57
24.77
22.84
21.13
16.71
13.89
12.37
31.64
28.69
3.69
10.77
17.64
20.13
23.36
24.77
25.85
25.15
20.27
18.61
23.05
24.86
25.08
22.79
24.48
27.87
24.1
22.26
21.39
20.64
20.56
24.67
22.79
20.75
20.04
22.94
26.48
23.92
21.39
19.1
11.45
16.01
20.11
19.28
15.82
15.52
15.11
18.12
19.25
18.08
24.41
26.44
25.39
24.23
22.04
22.76
27.34
26.75
21.2
19.01
19.55
22.4
24.54
23.43
21.81
22.43
26.23
27.44
19.99
13.18
11.92
13.95
14.31
17.83
18.81
21.81
25
26.47
26.59
23.77
24.21
24.46
24.82
24.25
24.7
24.48
25.41
26.58
26.35
26.52
26.62
26.92
26.48
26.13
25.72
26.25
26.9
24.74
23.99
23.23
24.56
21.97
18.07
14.79
15.42
15.4
17.73
17.38
19.38
19.68
19.34
24.93
24.6
24.28
24.33
23.38
23.53
25.39
26.56
26.36
26.55
26.19
25.78
26.61
26.13
26.09
26.04
25.89
26.11
25.48
23.74
23.64
23.66
22.78
22.59
22.77
23.18
22.57
23.52
23.91
22.98
21.66
24.79
23.84
23.58
24.21
23.57
17.66
15.17
16.25
16.63
16.58
17.99
18.28
17.77
17.33
16.97
18.66
19.13
19.23
19.53
18.34
17.56
17.55
17.18
16.22
15.95
16.02
16.05
15.47
11.36
9.9
31.64
10.69
11.05
14.53
15.82
16.81
14.9
15.78
15.7
15.24
16.47
18.13
18.48
18.32
18.26
16.18
15.78
15.82
14.02
15.53
17.61
14.76
13.46
12.66
14.15
12.18
13.96
12.28
9.44
9.14
6.96
9.12
10.58
11.25
9.96
9.7
7.87
6.65
10.56
12.63
11.96
13.72
10.54
7.42
13.06
10.13
10.35
13.85
11.81
10.52
9.19
10.63
11.94
11.49
8.99
8.76
6.02
4.17
3.83
7.06
7.06
21.08
3.05
21.49
21.34
21.68
21.18
20.66
16.44
16.06
3.42
3.58
4.45
22.03
20.85
3.15
21.81
23.12
22.65
20.24
4.8
7.39
6.57
9.63
11.02
11.43
12.07
10.15
12.94
14.66
18.91
19.9
4.05
3.2
16.9
3.74
19.33
3.88
7.23
7.8
4.67
12.29
12.18
3.67
13.57
16.68
17.21
18.05
3.22
3.53
19.23
4.21
17.04
15.12
5.63
10.68
12.82
13.98
14.71
15.65
15.65
14.77
14.73
20.4
4.97
14.24
12.75
14.79
17.21
18.3
20.65
22.63
23.87
5.82
4.65
4.72
7.41
7.84
7.73
7.75
13.89
18.09
17.94
16.41
14.97
12.74
15.12
16.16
12.04
11.85
9.45
20.69
21.23
25.29
27.6
27.66
28.86
28.16
28.78
23.47
23.03
24.16
25.21
25.47
22.71
7.33
9.87
10.09
11.09
13.39
12.24
13.28
14.75
14.32
8.87
14.82
22.41
27.27
25.86
23.52
19.2
19.4
8.31
4.51
25.83
27.14
28.19
28.65
30.97
30.83
6.6
3.99
6.38
5.48
14.57
19.48
20.16
18.04
7.3
29.6
24.2
21.98
3.12
7.08
11.13
16.44
18.04
17.55
18.04
9.42
13.68
18.18
11.57
7.01
9.16
13.22
16.08
15.82
13.04
16.12
15.41
12.85
14.35
19.85
21.24
18.27
22.64
24.37
25.76
23.88
18.04
15.75
16.84
15.63
13.45
18.34
18.38
21.43
20.04
19.25
20.49
17.44
16.12
24.15
25.8
28.29
27.29
26.29
26.62
22.1
20.73
21.07
23.48
23.02
19.96
21.35
21.51
24.72
24.67
23.9
22.48
21.45
21.15
22.04
20.25
19.83
20.48
18.86
19.76
23.36
23.59
24.08
24.82
28.5
28.96
27.66
27.99
27.35
26.92
26.58
27.15
26.78
27.86
28.15
26.72
23.91
24.27
26.17
26.99
25.82
23.38
22.62
20.78
18.95
19.11
16.38
18.11
19.44
21.19
17.13
19.76
19.87
7
8.12
20.1
21.12
22.97
22.07
20.88
22.04
23.11
23.21
23.51
24.31
24.27
23.65
24.32
23.47
21.82
20.77
19.06
17.62
18.6
21.2
20.21
21.09
21.9
20.88
21.8
23.34
22.31
21.65
21.61
21.7
18.67
21.39
21.57
22.25
21.25
22.76
23.69
23.17
23.33
23.84
23.22
22.74
22.78
22.75
21.96
21.31
22.75
23.78
23.1
22.2
21.67
21.04
19.87
19.17
17.12
14.71
13.05
14.83
15.17
15.61
15.94
20.37
19.51
20.75
19.22
19.03
17.54
16.45
15.05
12.51
12.6
16.16
19.83
19.37
18.17
17.81
17.19
18.84
17.27
16.18
17.71
21.86
18.57
15.8
12.06
6.8
8.39
9
11.03
11.17
8.83
6.67
12.89
12.97
14.93
13.85
9.27
7.42
9.12
9.59
11.44
12.18
13.96
10.56
9.68
8.93
9.23
11.36
11.1
11.36
10.2
12.24
14.82
14.09
13.53
15.34
16.33
15.75
14.52
15.45
17.83
16.78
10.85
8.53
9.3
11.04
8.9
9.3
13.36
11.95
13.11
14.1
12.69
11.62
10.02
10.56
6.25
10.39
11.18
11.1
11.29
11.34
11.39
11.6
3.25
4.2
7
9.2
11.16
11.45
13.15
15.1
15.78
18.76
19.4
17.32
19.69
18.91
3.11
14.2
14.81
15.46
17.22
5.3
3.35
4.97
5.53
4.94
5.44
5.6
6.22
17.27
19.1
19.95
19.19
17.51
3.51
5.25
6.1
7.33
9.68
10.27
10.46
11.54
16.84
3.62
6.37
4.93
5.23
18.65
19.33
20.27
21.03
21.74
3.02
19.5
5.16
7.31
6.37
8.69
8.6
10.19
13.27
10.83
19.45
22.4
22.74
23.4
6.78
7.58
4.38
4.19
21.66
22.04
24.41
5.12
5.29
20.72
20.8
19.61
20.32
21.5
5.14
7.7
22.03
25.75
28.06
3.15
25.52
3.1
3.54
25.94
28.94
7.12
5.6
3.49
5.75
3.8
3.32
6.92
30.69
31.78
4.95
25.05
24.02
26.43
28.53
3.45
8.87
9.23
4.94
34.78
34.11
31.7
23.68
27.83
6.03
6.89
24.72
29.68
25.04
7.68
11.91
14.76
17.17
23.79
22.46
20.02
17.42
17.74
18.2
17.34
17.82
20.9
22.67
27.53
21.09
15.18
11.53
13.68
16.42
23.99
24.71
26.36
26.78
21.43
19.21
19.17
18.12
18.49
23.88
27.94
28.06
24.33
19.1
11.87
11.72
14.69
17.82
17.93
24.74
30.77
23.8
22.86
23.23
24.2
24.64
25.8
27.34
26.77
27.24
27.36
27.75
27.54
27.44
27.9
25.8
22.12
17.65
18.65
20.09
20.58
22.74
25.41
28.52
29.27
31.12
31.07
23.66
24.85
26.77
27.54
27.13
24.77
26.7
24.86
25.8
27.5
27.88
28.21
30.45
30.64
28.96
27.92
25.72
25.46
26.74
26.8
25.8
23.86
22.64
19.3
20.01
22.58
23.54
22.25
19.79
15.48
12.61
14.01
16.87
18.68
21.78
23.86
23.4
28.19
26.65
25.33
26.08
27.36
26.98
26.95
25.97
25.57
24.1
23.81
24.86
24.85
24.3
23.78
23.47
23.56
23.24
23.81
23.72
23.28
23.79
23.51
23.09
22.55
21.98
21.81
21.68
21.24
21.35
20.91
25.45
24.37
24.02
24.38
23.78
23.34
22.4
22.25
21.47
16.26
17.19
20.05
20.69
20.34
19.89
20.06
19.94
18.67
18.2
17.92
17.41
16.74
16.06
15.72
15.34
14.1
13.53
13.04
14.07
15.01
20.27
21.94
21.42
22.32
22.67
22.78
25.36
24.89
22.84
20.96
21.56
22.49
19.87
16.27
15.47
13.33
16.68
17.69
16.58
14.88
13.33
14.78
15.93
16.71
14.84
8.91
10.73
12.14
13.29
11.41
10.27
12.99
9.77
9.68
12.28
18.99
16.76
18.33
19.23
16.2
15.21
16.31
17.17
14.33
12.82
11.64
13.6
11.21
8.93
6.67
5.7
7.47
7.53
5.21
5.57
6.26
3.03
19.87
21.24
9.57
8.82
20.02
4.21
23.25
23.19
21.09
19.91
6.11
6.77
7.56
7.95
8.12
10.35
12.03
12.14
17.91
5.28
7.95
8.16
8.55
10.98
8.66
8.8
9.92
10.75
12.78
15.72
14.46
13
12.26
13.69
13.79
19.91
20.62
20.86
19.41
18.86
17.65
18.27
14.82
12.76
4.17
3.96
11.77
16.29
19.04
18.75
5.47
6.53
8.01
8.67
6.59
6.64
6.79
8.25
10.51
11.14
14.02
6.53
8.25
9.38
10.95
11.57
19.44
17.98
16.67
23.75
24.07
20.54
5.16
3.42
22
18.28
15.24
17
15.48
11.11
16.12
10.42
10.99
11.65
17.81
20.93
18.38
13.29
10.86
14.37
19.42
4.51
7.41
9.85
10.85
13.58
16.36
4.62
5.08
6.2
7.53
7.9
9.81
10.35
10.24
9.24
9.39
8.79
8.79
5.32
24.53
3.67
8.5
10.46
12.67
14.64
15.3
17.55
18.9
19.31
20.96
20.03
14.91
13.97
11.56
8.98
8.39
11.4
8.12
6.41
7.06
8.93
12.08
14.19
16.82
18.53
20.46
17.15
12.64
13.95
13.05
10.15
9.85
10.91
12.64
8.03
9.85
13.43
19.24
21.05
19.32
14.05
7.57
28.96
31.06
9.23
11.45
14.84
15.18
13.56
17.74
17.03
11.98
10.63
9.65
4.53
11.68
18.46
23.05
21.62
21.88
22.45
22.3
17.48
16.35
18.98
21.96
25.91
28.73
23.8
14.16
13.04
19.59
22.3
24.22
24.48
20.9
24.59
25.54
25.23
25.03
23.82
22.82
23
24.05
27.03
29.09
26.23
26.03
20.73
18.42
20.61
22.12
23.72
23.12
23.28
23.79
22.74
20.53
19.17
20.09
22.48
23.33
24.74
24.28
23.97
24.1
26.95
27.8
28.64
26.35
17.62
9.1
16.42
18.97
22.03
24.46
25.56
25.21
26.72
27.27
26.52
25.15
24.74
25.99
24.95
24.82
28.76
29.74
27.84
28.54
27.07
24.72
24.38
23.48
16.69
18.89
19.28
26.29
26.81
27.62
28.22
28.53
28.33
27.13
27.1
25.58
24.06
22.79
19.64
19.16
19.08
19.31
20.29
20.2
21.63
23.18
22.66
22.04
22.52
22.33
21.97
22.05
22.18
18.84
17.15
17.7
19.47
20.14
24.72
23.7
23.1
23.52
23.52
22.99
22.91
22.72
22.03
20.77
20.61
19.21
21.16
19.69
19.31
18.53
19.09
19.94
19.1
17.55
18.8
16.88
16.06
16.48
15.69
15.69
15.1
15.7
16.25
15.8
20.77
21.27
15.68
17
18.26
17.29
16.24
16.91
12.43
12.56
12.22
12.62
14.25
13.48
13.42
13.1
11.2
10.9
9.31
8.56
8.77
9.41
8.64
8.72
7.61
5.73
5.83
8.75
11.59
10.78
7.84
14.28
14.2
16.46
16.97
16.54
16.78
15.85
15.45
13.98
13.75
13.94
11.42
11.25
13.55
14.33
15.6
15.17
11.9
12.54
6.95
8.88
10.28
11.19
11.66
12.74
12.86
9.7
9.87
3.34
5.87
22
20.41
19.19
5.99
7.25
4.52
9.12
10.44
10.49
10.8
10.86
11.2
11.11
10.93
6.07
7.14
8.59
9.03
10.83
10.11
11.8
10.31
10.79
9.4
8.74
11.83
13
13.96
13.81
15.53
19.42
11.78
3.68
11.83
10.97
10.89
11.66
11.99
12.66
12.61
12.27
11.85
12.23
12.33
12.31
12.44
3.01
4.15
4.34
4.69
11.65
4.27
11.89
5.47
8.88
12.86
13.97
6.74
12.09
4.47
7.23
10.62
11.15
10.84
10.83
4.12
4.93
7.48
11.14
10.88
11.16
11.33
11.33
11.17
3.83
3.91
8.09
19.88
23.6
24.57
25.14
5.65
3.68
4.38
8.16
8.75
10.41
10.58
13.46
14.29
6.81
8.22
9.07
5.55
7.25
22.36
19.69
20.2
15.82
19.86
17.91
18.47
4.06
4.49
4.01
4.51
4.97
5.25
6.4
9.22
9.68
10.8
12.48
8.59
13.67
16.75
18.38
17.36
16.73
17.25
18.92
12.64
11.99
13.78
7.74
23.7
23.27
24.11
4.62
10.1
12.54
14.71
18.39
18.29
11.64
11.64
16.2
19.18
19.32
16.47
13.89
13.62
17.09
21.51
22.73
18.45
17.45
15.06
17.04
20.4
21.3
19.47
20.68
16.95
13.11
10.89
7.35
5.81
12.4
16.35
14.73
11.57
15.44
17.36
15.82
18
18.31
19.85
18.95
18.87
20.23
21.77
22.03
20.49
15.93
12.09
11.08
15.9
21.69
23.8
22.67
24.56
28.08
26.7
26.77
24.44
23.54
24.59
26.36
25.31
21.92
20.97
24.85
27.36
26.88
25.8
23.95
21.66
21.87
21.27
22.76
22.2
23.41
20.17
22.61
22.04
22.53
25
25.93
25.49
24.69
23.61
32
34.82
33.68
31.05
25.84
22.91
24.33
28.41
28.5
28.39
28.17
25.99
24.64
23.62
23.46
23.09
23.35
21.87
23.17
25.11
24.6
22.93
22.13
23.09
22.52
21.34
21.44
20.79
18.75
20.97
22.34
27.74
27
26.15
25.32
25.48
25.47
25.76
26.47
26.3
26.29
24.73
25.54
25.94
23.55
23.35
21.65
21.18
20.84
19.86
19.63
19.28
19.98
20.87
19.31
19.14
19.47
18.24
19.13
19.02
19.41
20.2
25.4
24.6
24.81
25.56
25.68
25.01
24.4
22.6
22.36
22.58
22.45
17.91
18
19.14
16.54
15.63
17.57
17.65
16.25
16.19
14.82
15.95
16.82
16.83
16.41
15.41
15.61
15.83
14.51
14.6
18.53
19.7
19.07
16.73
16.18
14.53
14.8
15.11
15.64
15.85
16.93
18.46
15.51
13.54
11.72
15.22
16.16
13.25
12.37
8.12
10.96
9.96
7.43
6.06
7.49
8.26
10.5
10.32
6.99
7.09
6.09
10.3
13.94
15.62
15.12
16.52
18.03
18.13
15.66
17.12
14.43
16.8
17.79
15.17
12.86
15.53
12.76
8.45
9.68
11.1
8.93
7.96
9.1
9.42
5.16
5.08
4.78
5.31
7.23
9.27
8.52
4.02
3.46
4.06
7.54
8.16
8.06
6.65
5.49
6.46
6.46
7.58
6.21
8.04
5.82
3.6
21.99
3.46
4.33
6.94
8.7
10.29
11.78
11.87
13.15
12.55
12.01
12.32
12.12
13.32
13.56
16.28
3.94
3.68
5.96
7.94
8.3
7.77
5.98
7.99
6.9
5.13
7.23
7.87
6.2
6.43
5.65
6.83
4.41
6.17
6.45
4.88
6.29
7.87
10.34
11.29
11.55
8.91
6.88
7.87
10.96
13.08
10.53
22.25
21.92
19.95
20.57
18.94
3.57
5.53
5.57
8.22
7.54
10.51
9.07
5.33
19.64
18.04
22.49
21.86
23.15
7.29
8.3
10.04
10.55
10.75
11.11
13.14
13.14
13.44
12.23
17.08
17.84
17.21
4.56
8.05
8.2
7.22
18.42
23.29
23.96
27.65
6.01
9.91
9.63
6.47
27.22
28.85
5.55
10.83
14.95
14.1
14.62
9.7
10.52
11.15
13.97
15.12
12.82
11.15
11.98
12.91
34.78
35.05
33.61
31.4
29.76
29.48
28.26
9.44
11.45
10.29
9.74
13.3
12.81
13.7
14.49
15.47
14.9
11.97
3.94
6.7
5.08
4.91
10.18
16.88
24.44
25.8
26.67
23.55
21.24
16.44
15.14
5.02
13.15
17.85
12.7
14.39
9.99
12.02
12.4
11.83
12.77
8.22
6.79
34.68
32.62
9.35
14.69
18.83
22.45
25.72
25.8
22.64
23.05
24.22
25.08
23.5
22.56
20
18.12
21.88
24.86
24.9
22.64
25.64
27.52
24.95
21.33
18.99
23.1
26.65
27.31
23.64
19.68
15.08
16.52
19.73
21.17
20.94
23.33
25.1
25.46
25.33
22.48
21.35
20.58
22.71
23.69
22.56
22.04
20.55
18.86
26.03
27.46
29
28.7
28.86
26.25
23.56
23.7
25.5
23.72
20.44
19.58
21.09
22.19
22.93
24.84
25.82
25.86
26.78
22.25
21.97
23.25
24.19
23.95
21.97
19.81
18.89
19.56
19.46
17.83
17.26
26.13
26.95
28.02
27.75
27.02
26.88
26.63
25.98
24.64
22.8
22.77
21.31
20.72
21.91
21.19
22.17
22.52
22.88
21.27
17.52
17.6
20.14
18.83
17.33
16.47
17.29
17.59
18.38
20.15
20.7
19.61
23.94
22.77
23.06
23.76
23.59
22.79
22.96
22.32
22.27
22.22
21.4
21.49
21.98
21.22
19.24
18.63
19.16
19.22
19
18.4
18.29
18.6
18.34
18.26
17.83
17.64
17.32
16.9
15.85
14.87
18.44
19.3
19.93
19.43
20.52
19.45
16.85
17.98
15.72
16.96
16.05
15.89
14.67
14.09
14.59
16.31
16.77
17.81
17.56
16.05
15.89
13.75
13.56
11.13
10.38
9.19
10.73
12.18
10.29
12.37
11.89
16.69
15.6
16.11
18.44
11.49
13.83
13.4
12.67
12.22
13.17
16.61
16.8
16.16
14.65
13.06
15.9
13.34
14.24
14.78
16.33
15.4
18.78
19.1
16.22
15.14
13.75
15.38
15.49
16.74
14.18
3.29
22.33
17.44
20.03
5.67
6.61
8.55
9.48
8.51
8.62
4.97
3.34
6.57
8.62
8.93
8.43
7.31
6.25
6.48
4.7
3.94
6.81
3.75
6.81
7.85
10.52
14.29
15.35
9.82
3.4
20.59
20.74
21.05
20.6
19.29
17.1
19.77
16.41
15.43
17.39
18.03
19.16
19.06
20.53
20.32
20.05
18.69
19.41
3.67
7
5.86
5.99
8.37
8.29
8.72
10.75
12.28
14.33
15.31
11.54
7.58
11.73
18.68
3.64
7.12
10.79
6.71
22.39
20.24
21.44
21.69
4.61
7.75
7.39
5.86
5.67
6.16
7.97
4.49
8.58
6.31
13.3
15.36
17.32
7.58
10.85
12.55
13.38
15.33
16.94
4.75
5.34
5.53
6.73
8.79
13.49
12.65
15.04
9.44
25.81
18.63
19.76
3.36
7.44
8.9
10.78
11.06
12.32
14.75
16.45
16.64
17.25
16.86
16.73
17.16
18.9
14.23
10.7
14.06
18.51
19.63
15.17
13.87
12.51
9.53
33.21
29.94
33.09
6.08
6.14
8.47
11.32
13.05
13.68
13.4
13.13
11.45
12.67
14.24
15.52
16.74
18.58
20.89
22.65
24.44
26.02
25.39
26.02
26.15
22.54
19.1
27.61
29.34
20.83
18
16.42
26.81
30.77
25.8
23.31
25.5
20.11
14.92
14.69
14.77
14.43
17.03
17.36
16.54
17.48
18.53
20.72
26.48
24.37
23.88
25.5
24.41
18.46
12.13
13.64
16.2
16.46
22.4
24.36
26.57
27.36
28.57
28.52
21.38
21.35
24.23
26.36
26.72
27.39
25.72
25.54
25.03
23.87
22.38
23.41
24.51
27.08
28.03
26
24.1
24.26
23.77
22.64
25.03
24.44
20.91
19.22
25.86
28.19
27.37
25.78
26.03
25.15
25.84
27.41
28.7
27.88
27.45
26.11
25.15
23.44
22.85
23.91
23.86
24.31
22.5
20.38
19.66
19.7
20.72
22.38
23.36
22.72
21.6
21.09
19.68
20.25
22.15
27.72
28
27.81
26.94
27.09
28.24
28.02
27.58
27.84
28.2
27.49
25.94
21.88
21.09
21.71
19.63
20.45
21.32
21.95
21.59
20.9
20.96
21.95
20.8
19.44
18.95
19.78
20.31
20.15
18.98
18.97
23.93
25.47
23.78
21.94
22.52
24.18
24.38
22.9
22.19
22.35
22.62
22.06
21.61
21.72
22.42
22.61
21.92
20.67
20.83
17.51
14.99
15.35
15.87
15.1
14.8
14.99
14.12
14.85
13.77
13.7
17.52
12.6
13.56
13.69
15.34
14.9
13.4
14.53
15.3
15.18
17.98
17.63
18.51
18.15
17.27
15.51
15.49
14.07
17.5
14.74
12.83
11.32
10.61
9.86
9.23
8.87
8.68
12.01
10.61
11.57
10.73
13.85
15.45
16.48
17.51
16.46
15.96
13.64
10.41
10.99
11.06
13.53
15.94
16.03
12.03
10.97
10.97
8.54
11.34
13.49
16.03
19.94
18.44
14.43
13.77
16.16
14.43
14.13
16.59
18.16
18.76
11.43
10.07
9.3
6.83
4.23
17.31
14.25
3.31
4.43
7.72
8.7
7.37
7.23
8.39
5.65
4.33
5.84
16.94
5.65
3.77
3.58
7.33
9.2
9.61
8.49
8.7
8.88
11.1
14.81