16.68
17.3
15.99
15.38
13.13
15.39
15.56
14.63
18.41
17.26
17.18
17.11
12.87
14.44
15.52
15.3
15.91
12.32
11.36
10.92
10.93
9.93
10.8
10.2
9.97
10.87
11.84
11.37
10.22
10.85
11.72
16.09
15.1
14.16
10.39
10.52
9.06
10.51
9.26
10.09
11.54
14.89
18.61
20.36
21.18
21.12
21.63
19.13
21.55
21.08
19.93
17.54
18.58
18.38
14.24
14.13
18.48
18.4
20.81
19.28
21.73
18.33
16.76
19.28
19.02
20.77
22.35
22.87
23.96
25.01
15.99
18.31
21.9
21.24
22.41
24.13
21.14
26.21
24.77
27.76
29.07
29.21
28.32
24.49
26.43
30.58
32.02
26
24.24
27.55
29.84
30.89
30.69
27.87
25.21
25.4
30.36
30.69
21.44
20.4
20.88
21.24
23.85
28.26
25.95
31.61
31.67
33.64
34.58
31.37
32.84
29.21
28.79
25.58
23.81
25.13
28.86
26.84
29.27
30.4
29.7
27.28
27.69
30.96
35.47
36.64
37.6
38.76
39.76
38.59
37.43
31.4
29.46
33.33
35.06
37.14
34.96
35.95
32.71
31.1
34.61
33.72
35.54
36.78
35.37
32.92
36.12
37.97
38.7
41.17
42.6
39.71
37.41
35.93
35.19
36.23
38.51
38.97
38.87
39.12
37.33
37.5
37.29
40.18
39.72
38.62
40.26
41.38
43.59
44.54
44.98
45.03
44.64
44.6
41.2
40.83
42.35
44.46
44.75
42.03
40.75
37.96
39.32
40.55
37.86
37.78
42.69
41.93
39.94
36.43
33.71
22.99
24.64
30.49
33.03
35.11
37.25
37.11
33.79
25.88
30.9
34.57
34.61
34.44
33.88
34.77
36.23
36.8
37.22
38.06
39.66
38.75
36.77
37
35.78
34.85
35.73
35.93
35.97
34.71
34.06
35.75
36.16
33.07
31.87
28.76
32.38
32.21
24.88
32.61
35.97
38.35
37.47
36.39
36.09
33.03
31.53
30.86
31.48
31.97
32.12
32.68
32.18
36.03
34.22
35.29
35.07
34.87
35.4
35.64
36.02
35.96
34.75
32.67
32.37
31.6
32.15
33.61
34.37
33.92
33.76
34.58
34.29
33.71
30.08
23.36
25.86
29.92
30.55
31.16
30.91
31.68
32.04
33.32
33.48
34.42
33.56
31.88
30.12
23.13
23.84
25.43
26.35
26.57
27.39
26.88
29.4
28.07
28.66
28.53
29.77
28.62
28.61
27.77
27.18
26.87
25.89
27.21
28.01
26.45
22.64
23.2
25.4
25.4
22.45
24.81
22.85
22.48
22.96
24.78
25.52
20.74
20.53
23.87
24.19
23.44
20.43
21.47
23.56
22.94
23.16
23.35
22.93
23.47
22.79
20.98
20.41
20.56
14.37
14.94
20.54
20.32
20.12
18.4
18.3
19.9
23.34
25.89
24.21
21.03
21.26
18.8
17.69
13.56
17.49
11.07
12.03
15.6
17.79
18.35
14.22
11.78
10.33
11.74
12.92
10.8
10.14
10.2
9.54
10.18
10.45
10.19
10.21
10.42
9.37
8.23
5.99
8.69
12.22
12.36
12.28
9.68
12.1
15.04
15.92
11.99
13.94
15.64
14.97
16.25
17.13
11.84
15.63
13.41
13.57
12.74
11.39
8.42
10.48
11.57
14.72
11.65
13.19
14.33
11.31
11.49
9.61
9.49
8.81
10.06
10.18
9.71
10.92
11.45
11.02
11.01
15.09
16.11
16.07
13.37
13.74
10.67
6.97
6.6
10.46
12.64
14.17
16.07
15.38
16.89
18
17.38
19.74
18.58
18.9
20.89
23.45
22.42
18.12
16.26
20.35
13.89
12.67
13.65
9.08
9.15
16.66
18.75
19.23
21.28
23.57
20.95
22.99
23.8
24.72
25.23
25.1
24.09
25.06
21.62
21.65
21.61
24.41
29.06
28.73
25.77
26.39
29.62
32.55
32.45
34.23
31.55
29.51
30.3
25.88
27.09
21.75
25.4
27.94
30.65
31.65
32.37
33.11
32.31
31.12
31.29
32.09
31.34
28.01
29.88
29.92
32.89
33.41
33.25
32.04
25.71
24.58
14.06
19.78
22.64
23.52
23.34
24.99
29.28
30.39
25.98
23.62
23.22
22.15
22.07
20.37
24.69
27.96
32.75
32.85
33.76
30.79
28.05
30.13
30.71
33.92
35.23
34.05
32.56
32.4
30.7
30.04
34.13
41
40.12
38.71
35.49
34
31.93
32.61
33.17
34.97
39.55
39.58
38.41
37.76
37.26
37.88
31.41
35.36
36.47
36.52
36.87
35.91
36.7
37.68
37.38
35.22
37.98
38.73
38.16
34.08
35.62
32.67
28.86
28.77
29.99
29.77
30.97
34.44
35.35
35.76
36.33
36.68
37.52
37.31
32.53
34.42
33.99
36.37
35.58
33.08
33.45
30.5
35.1
37.15
39.26
36.07
34.09
34.87
35.12
32.54
28.67
31.88
32.89
33.74
35.28
35.97
36.14
36.71
35.07
31.64
36.14
36.71
36.13
36.02
37.41
36.9
36.26
35.9
34.52
30.68
34.96
36.17
35.26
32.89
26.34
23.1
19.62
18.46
21.93
27.02
29.36
33.6
33.08
29.63
28.09
30.14
31.86
33.76
33.85
33.94
34.58
35.03
34.74
33.01
31.61
31.04
31.7
32.16
30.81
30.94
30.88
32.91
32.63
31.85
31.21
32.03
33.86
35.07
34.78
32.61
26.28
23.59
29.77
28.81
29.25
29.99
29.11
30.94
33.92
33.56
32.01
27.28
25.09
22.07
24.45
26.62
27.2
26.79
28.22
28.62
27.46
25.57
26.19
27.63
23.13
25.21
25.44
26.51
26.68
26.92
27.95
25.97
23.15
16.78
17.06
22.53
21.95
23.09
23.53
24.08
23.55
25.67
28.61
28.66
27.89
27.74
23.13
21.64
17.06
19.99
20.6
21.61
22.92
21.05
21.84
22.36
22.2
19.48
16.52
16.98
16.9
17.15
17.64
18.51
15.96
12.37
11.79
10.27
10.34
10.43
10.91
14.7
15.51
15.79
13.29
14.1
13.4
11.86
13.65
8.89
7.6
7.78
6.36
10.67
11.14
16.62
21.68
22.33
17.09
17.41
19.06
18.01
18.12
15.45
17.41
15.84
17.13
14.15
19.86
19.27
16.67
14.61
15.53
16.25
13.79
12.44
9.01
8.05
9.74
11.4
11.85
12.31
11.76
11.83
12.14
13.75
17.85
18.01
17.97
18.17
17.25
15.28
14.15
13.4
14.03
9.36
9.68
11.01
11.17
11.27
11.3
11.09
18.21
19.58
21.05
15.41
18.09
20.54
14.8
14.06
18.67
17.69
16.98
19.57
18.99
18.53
19.78
20.68
21.53
17.35
18.12
17.99
20.64
17.75
20.87
17.95
18.25
16.79
19.27
19.6
21.86
20.85
20.15
18.3
15.48
18.42
18.98
19.3
17.01
24.42
13.7
22.19
22.38
23.24
20.36
13.74
24.63
28.24
21.52
26.4
25.65
18.48
16.34
21.64
23.24
14.47
15.48
15.41
21.35
22.19
24.78
18.35
25.14
21.86
23.86
24.71
21.98
24.62
27.14
24.65
25.07
25.05
20.97
23.92
25.48
24.43
24.56
18.67
25.03
24.15
24.05
27.47
29.97
24.7
20.96
24.14
20.58
20.98
21.61
23.62
27.76
24.22
26.54
28.21
28.3
28.78
29.09
29.07
29.54
27.96
30.32
30.53
23.9
30.04
31.39
30.36
30.82
31.91
31.79
33.56
35.41
36.58
35.4
35.91
34.61
31.18
30.98
30.9
28
27.73
28.76
30.99
33.03
36.62
39.83
40.83
37.81
39.68
42.32
44.66
43.71
40.69
40.29
38.34
41.9
42.12
41.02
42.24
42.71
41.71
41.7
42.1
40.58
38.24
39.67
35.03
32.7
32.42
31.34
30.28
33.55
32.81
36.6
37.97
37
35.2
35.48
34.29
32.59
31.14
32.84
39.82
36.32
40.72
33.69
32.84
29.67
29.1
29.38
30.99
32.26
24.45
31.89
29.75
30.38
32.35
32.58
32.2
33.11
33.57
33.52
34.09
35.01
35.54
34.04
33.83
32.12
32.02
31.97
32.75
33.79
35.09
36.31
35.93
36.07
36.1
35.66
33.63
34.13
33.54
30.2
31.06
31.67
31.98
33.29
33.97
32.44
34.16
33.92
33.16
31
32.71
32.41
35.48
35.88
35.88
32.06
32.23
31.44
35.54
35.26
32.7
28.61
28.08
29.5
31.49
31.34
30.77
30.86
30.27
28.24
23.22
24.77
28.09
29.95
30.91
31.86
33.4
27.84
30.69
31.38
31.73
30.65
28.24
28.55
26.62
24.02
27.22
27.02
27.53
25.08
24.45
24.87
25.32
25.98
26.64
27.55
27.29
25.3
21.36
22
23.48
23.46
23.14
23.49
23.91
25.24
22.47
25.83
25.44
21.15
14.3
21.59
22.45
16.37
17.05
21.14
21.62
18.25
12.41
16.83
19.82
20.87
20.36
18.26
19.49
17.92
9.84
10.16
14.82
17.92
16.55
19.18
18.13
16.75
17.09
15.57
14.21
14.54
13.99
15.28
15.43
15.98
15.61
17.62
17.35
14.56
15.74
16.66
14.44
13.13
9.73
13.33
14.68
14.81
14.27
14.72
14.05
14.14
14.64
10.09
13.03
16.21
16.36
16.24
16.91
18.64
19.03
15.85
16.59
18.48
16.97
11.35
14.19
13.62
14.55
12.16
13.44
13.9
14.07
16.41
19.26
19.73
14.86
15.25
19.68
18.23
17.37
17.05
16.35
17.31
18.04
17.81
15.22
16.32
17.35
17.67
12.88
13.94
16.19
15.62
14.97
16.02
19.2
19.13
15.8
15.73
13.54
11.84
10.86
10.4
13.11
13.96
13.33
11.39
16.08
15.25
20.21
18.9
16.53
21.19
20.11
19.77
17.36
18.08
19.04
19.45
19.77
19.88
19.85
21.4
23.92
25.27
20.61
12.34
12.78
16.49
24.28
26.18
25.33
21.83
21.24
22.69
20.83
17.75
19.99
23.12
22.53
23.71
23.3
23.19
25.43
26.04
26.55
29.95
31.71
32.46
30.21
32.83
31.86
31.99
30.43
31.1
27.92
18.1
18.35
20.24
18.74
20.87
20.85
23.54
26.52
21.92
25.57
18.71
23.81
29.83
30.07
22.65
29.34
29.12
32.72
28.8
29.68
30.58
25.56
25.17
26.37
29.48
30.52
30.43
27.79
25.94
25.94
27.93
31.09
35.01
35.88
36.29
34.55
34.95
34.04
33.77
33.56
34.34
34.91
33.64
34.79
33.01
31.65
31.8
29.25
30.33
33.31
35.76
33.77
36.26
37.82
38.39
38.78
33.94
34.45
36.98
38.41
38.18
38.87
37.38
38.84
40.56
39.34
37.93
38.32
39.29
40.57
39.84
38.65
38.59
40.35
40.97
42.61
43.61
46.09
47.71
46.75
43.58
42.51
44.79
42.72
35.32
42.02
40.11
37.38
34.74
33.52
26.56
31.75
29.6
29.04
31.55
31.14
33.32
35.79
35.79
35.58
36.63
37.68
33.92
28.5
28.92
30.89
33.89
34.23
33.66
33.52
32.36
32.4
33.85
35.28
35.01
35.86
37.87
37.24
36.96
36.18
36.3
35.8
35.41
31.93
31.42
28.92
31.14
34.13
33.38
31.95
29.93
30.14
31.71
34.46
35.78
34.2
32.24
30.76
31.5
29.79
25.33
20.42
26.48
31.83
34.67
35.11
34.69
32.62
28.15
29.27
34.44
36.48
37.28
36.81
37.13
36.86
36.79
34.97
32.1
27.14
28.98
28.23
29.66
31.43
33.87
33.56
33.68
30.64
32.15
33.51
34.95
32.45
30.91
26.92
26.87
24.38
28.73
29.53
30.18
31.54
31
28.91
27.04
27.84
29.21
27.57
22.48
24.03
26.26
25.98
27.17
28.42
29.11
30.14
30.25
30.37
30.25
29.63
28.35
25.09
19.29
21.73
23.2
24.29
25.82
26.77
27.88
28.75
29.63
31.35
30.51
31.05
31.61
31.87
31
29.13
28.44
25.77
26.52
26.92
25.94
24.84
25.76
25.3
26.53
27.26
24.51
23.22
22.73
20.18
15.04
13.62
14.51
17.54
15.32
17.57
17.32
16.44
16.36
20
19.7
20.29
18.25
13.33
16.15
16.83
15.35
15.13
17.18
18.36
15.87
16.66
16.79
15.82
14.83
14.51
14.7
16.51
16.73
17.33
17.54
13.68
17.01
17.15
13.48
15.68
17.74
17.55
17.22
18.91
21.74
19.91
19.52
19.14
20.86
18.92
13.37
11.31
15.47
16.02
16.36
17.07
17.72
19.76
20.35
25.06
24.14
25.37
23.19
22.89
22.33
21.58
20.65
20.34
22.46
21.2
19.3
17.6
17.3
15.61
11.61
10.87
10.91
11.85
11.84
11.77
11.52
11.24
11.15
15.24
15.64
16.72
14.12
19.09
19.79
16.56
22.07
24.3
25.08
22.9
22.59
21.67
20.25
23.18
16.69
16
16.96
16.9
16.6
14.54
14.19
12.8
4.31
5.34
10.81
14.7
17.34
20.82
22.2
25.85
27.1
27.69
28.57
27.62
27.7
30.44
21.18
25.2
26.97
27.91
25.8
19.52
27.05
27.38
28.65
23.76
18.64
19.82
24.64
23.72
22.98
24.37
26.23
28.21
30.54
30.3
30.7
32.13
30.32
20.87
22
23.56
21.19
27.74
21.42
19.11
17.92
20.13
23.31
25.64
25.63
24.74
24.96
24.22
26.59
26.07
29.71
31.67
33.32
34.23
29.01
26.93
25.94
28.83
27.73
23.22
25.94
27.19
25.89
22.51
26.85
26.36
25.85
29.41
29.68
31.95
29.6
29.36
28.15
31.01
32.35
36.1
35.56
36.53
36.49
36.24
35.64
36.95
36.08
34.78
34.63
33.67
35.56
36.15
34.12
29.05
32.5
30.87
29.19
30.79
30.97
34.1
33.5
34.71
35.72
33.5
33.36
34.65
32.16
31.42
32.31
33.92
32.46
35.04
36.7
36.89
36.5
37.4
37.22
38.51
40.64
36.63
35.82
32.94
31.18
29.33
27.19
28.89
30.72
33.82
34.43
35.79
37.24
37.75
38.74
38.71
39.33
39.04
36.3
36.58
38.37
38.04
37.02
34.88
34.63
31.81
36.27
29.45
31.06
31.04
30.12
30.23
32.56
32.28
30.56
33.23
34.57
35.78
36.27
35.79
35.11
34.13
26.59
30.17
32.42
34.58
36.68
37.36
36.41
35.8
35.21
34.82
35.09
36.17
34.36
31.94
32.6
31.36
29.98
22.65
27.29
29.52
31.57
36.3
37.32
36.89
35.61
34.7
34.04
33.75
35.04
36.05
35.14
31.85
27.99
29.79
32.13
33.2
33.67
34.38
33.94
31.85
31.76
30.7
30.83
30.97
30.64
30.79
31.28
30.97
30.87
31.59
31.99
33.81
33.7
34.39
34.25
33.34
31.89
30.68
28.13
30.84
31.66
31.62
30.59
29.02
28.31
28.31
27.88
29.26
29.74
30.75
29.12
25.69
26.72
25.7
24.59
24.41
24.42
24.36
24.74
24.91
26.62
23.3
26.31
26.09
26.54
23.31
21.78
24.92
25.76
21.54
19.45
19.74
19.92
22.1
24.94
25.42
25.68
25.54
26.84
26.8
24.03
20.25
18.41
18.39
21.45
19.48
20.41
20.42
19.74
19.76
19.65
17.79
17.98
20.63
20.97
13.98
17.53
20.87
20.33
20.01
19.41
19.42
19.59
18.74
15.93
14.64
15.1
10.76
10.32
8.52
10.95
11.06
10.96
10.8
14.01
13.44
16.46
16.15
17.56
15.66
13.5
15.07
15.04
16.54
18.71
18.26
15.59
11.74
11.67
12.38
12.44
12.45
17.97
17.56
19.94
19.28
19.23
18.36
18.01
18.06
16.6
17.68
18.22
17.53
15.49
15.71
15.2
14.63
11.78
16.35
16.85
18.66
18.11
19.15
18.32
14.46
14.23
14.19
14.99
16.54
14.63
15.55
17.92
18.18
17.39
15.98
16.44
17.39
18.59
17.98
15.2
17.75
20.67
22.65
23.16
22.81
21.42
22.33
23.04
23.93
22.52
24.62
23.07
19.26
22.46
27.52
26.4
24.92
27.4
26.92
25.85
27.48
26.1
24.33
21.94
26.19
26.89
27.86
27.14
23.66
26.29
26.9
28.81
29.38
31.83
35.51
37.92
39.08
40.36
36.49
27.95
18.22
27.05
20.14
25.32
25.21
24.96
25.09
19.95
19.8
19.38
20.82
20.34
21.63
24.28
26.3
25.45
27.79
29.12
29.39
29.94
32.6
34.19
33.59
32.64
30.88
25.05
26.1
29.5
29.84
26.86
26.68
29.37
27.21
32.79
32.37
29.4
30.89
30.44
27.96
25.62
26.73
29.19
33.45
33.47
34.96
38.88
37.97
37.71
36.19
36.33
34.18
34.03
29.4
33.1
35.52
37.14
35.57
35.75
36.64
36.63
34.37
32.22
32.05
31.85
32.68
29.44
32.49
34.14
32.69
34.13
35.23
36.88
39.71
39.87
39.27
39.97
42.4
42.09
41.9
40.33
36.39
37.89
39.01
41.58
42.2
42.57
41.93
42.59
44.5
45.81
41.43
41.19
43.46
39.24
38.97
34.39
31.98
37.44
38.7
33.95
36.81
38.03
37.39
36.54
35.54
29.04
31.91
33.01
32.47
31.58
32.25
34.36
35.51
37.73
39.48
41.09
38.41
31.58
28.29
31.99
30.12
28.19
28.16
30.56
32.39
33.95
34.54
35.01
35.17
35.34
36.04
35.87
34.27
33.67
35.75
35.19
36.2
35.25
34.47
35.89
37.44
37.28
34.15
28.55
24.05
27.13
29.43
31.72
32.72
32.98
32.77
31.49
31.36
32.75
32.86
36.92
37.07
35.26
33.67
32.82
35.01
36.58
36.14
35.11
34.15
33.74
33.19
34.15
35
34.56
33.67
35.11
35.05
35.14
36.58
36.4
36
35.81
35.02
32.7
30.31
26.87
25.81
30.07
27.76
31.08
30.31
30.3
29.99
30.83
31.76
32.93
33.46
33.08
33.75
33.36
32.25
33.33
33.27
32.96
32.99
33.52
33.59
33.33
32.33
32.3
30.95
30.38
30.27
30.4
29.73
28.54
24.81
23.99
19.59
23.68
25.38
26.2
20.54
19.21
20.53
22.21
23.43
23.35
23.86
23.03
20.91
18.77
15.59
13.81
20.03
19.3
16.07
22.24
22.49
23.31
22.09
21.85
23.44
24.74
25.67
26.14
24.71
24.29
24.58
23.3
21.84
20.35
22.52
24.23
23.62
23.36
23.72
22.35
20.86
21.46
21.86
20.5
18.84
17.39
18.02
18.36
11.46
10.29
10.4
12.42
12.02
11.88
12.83
11.19
8.67
10.83
11.98
11.26
7.46
9.98
10.24
11.91
14.83
14.39
10.76
7.84
11.7
14.11
14.24
11.24
11.5
12.21
13.13
11.42
14.95
14.77
15.29
15.92
19.27
14.19
11.9
12.22
12.35
17.77
15.66
13.63
16.09
15.9
16.47
18.94
16.17
18.66
19.8
19.08
18.04
15.93
14.83
17.75
13.65
17.71
20.74
22.53
22.48
21.28
20.98
18.03
16.01
18.28
14.81
13.68
11.19
13.8
14.82
15.04
17.47
18.25
17.68
13.95
13.25
14.99
10.86
13.49
14.48
15.96
16.36
18.18
19.82
21.83
21.5
20.57
22.65
22.06
19.69
22.15
26.84
28.16
25.92
24.39
25.75
18.56
21.44
20.55
21.14
20.18
24.63
26.31
22.24
22.73
24.8
24.33
26.09
31.24
29.29
28.95
27.76
26.85
26.77
26.84
17.54
18.25
26.43
30.88
31.35
29.72
29.64
30.78
29.82
28.47
29.57
27.7
30.2
28.65
27.47
29.45
30.24
30.46
31.23
31.71
25.95
27.61
32.17
30.46
25.5
25.69
31.28
31.09
29.11
28.4
30.95
30.69
25.96
30.21
30.37
28.09
30.96
32.86
30.88
33.02
34.14
30.89
29.24
29.37
30.09
32.94
36.75
38.33
37.69
35.16
34.17
33.47
35.43
34.41
36.64
33.53
34.22
34.14
35.08
38
38.8
41.96
40.47
42.47
40.68
41.87
38.97
38.44
29.54
35.04
33.8
34.18
36.06
37.46
39.63
41.78
40.7
39.27
38.99
39.07
39.15
39.69
40.8
43.07
44.86
40.91
39.51
39.04
40.34
41.76
37.14
31.95
35.93
39.15
40.24
38.77
41.06
41.96
39.43
37.11
38.94
41.52
37.19
34.97
32.06
32.76
36.44
37.22
36.7
39.35
39.69
38.53
36.68
37.17
37.53
38.31
36.13
36.68
35.65
35.86
33.76
32.38
32.76
32.83
32.71
32.76
30.58
30.46
35.81
38.22
39.45
34.61
28.82
23.81
30.83
34.17
36.22
35.25
34.48
34.47
32.92
33.85
32.79
34.29
31.66
32.78
31.2
35.48
35.03
34.28
35.07
35.42
33.54
30.53
31.6
33.7
33.41
32.97
34.17
32.48
30.45
31.92
33.66
33.22
33.25
30.02
27.39
24.92
25.78
26.38
26.07
27.02
22.35
25.32
27.24
27.87
28.29
29.69
30.57
32.64
33.35
32
30.46
31.01
30.68
30.88
28.15
29.29
29.18
29.74
30.96
30.12
29.42
29.56
29.83
29.61
29.07
28.29
26.73
29.28
27.97
26.96
27.33
26.72
24.56
25.47
21.04
22.49
23.65
16.93
23.15
25.92
26
24.63
28.24
29.28
28.6
30.35
26.53
23.37
24.48
25.26
24.26
24.82
26.39
26.18
26.65
23.08
25.11
24.38
20.37
21.07
23.99
24.75
22.98
19.82
19.17
19.87
20.8
21.23
20.71
20.51
21.31
22.85
23.88
22.01
18.66
19.36
19.23
19.34
17.19
14.77
15.71
15.39
17.04
17.42
15.64
16.68
18.67
17.07
19.38
19.75
18.56
17.93
15.51
13.67
15.19
13.51
15.08
18.89
18.45
16.13
16.32
18.82
18.59
18.77
17.1
16.05
17.08
16.68
17.61
18.99
18.06
17.19
15.63
15.36
15.84
15.86
15.93
15.8
16.19
11.87
13.36
16.13
21.23
20.2
19.2
15.94
15.48
16.13
16.6
17.1
15.84
16.52
11.74
10.62
10.98
10.75
14.49
16.56
10.55
10.71
10.75
10.99
19.96
19.82
17.97
13.66
12.49
10.56
12.64
10.49
7.43
9.46
10.39
12.53
13.97
14.35
10.88
11.84
13.31
13.82
14.52
17.89
16.58
20.13
20.78
19.4
19.02
15.69
19.27
23.07
24.03
27.49
23.91
28.69
26.82
22.19
20.9
22.35
23.5
26.21
29.53
32.92
32.58
31.42
29.73
26.29
27.03
22.87
20.47
24.27
27.35
28.92
30.91
31.2
28.65
27.51
32.61
32.96
32.32
33.34
30.67
28.46
28.6
22.38
24.53
27.35
30.13
28.12
25.15
27.79
28.53
32.17
33.77
35.87
37.56
36.46
36.3
33.49
34.54
34.69
31.85
31.74
34.92
37.66
39.04
38.48
40.18
39.48
40.4
42.87
43.62
42.37
42.36
42.39
42.44
42.97
43.97
43.06
39.05
32.02
37.6
39.86
43.22
43.94
43.46
44.12
44.8
44.29
40.83
41.05
42.68
44.6
44.86
43.73
43.22
42.98
39.96
38.65
36.78
38.39
41.32
42.4
39.6
40.4
42.86
42.05
42.18
43.79
45.38
45.71
42.43
42
41.77
39.66
36.5
38.24
40.28
41.44
37.62
39.02
39.35
38.48
37.36
36.3
34.6
34.27
31.52
33.76
32.94
34.88
36.41
37.02
37.27
39.41
39.01
34.59
37.1
39.21
40.03
34.49
32.63
31.95
26.02
31.65
30.93
31.25
36.05
35.31
33.79
34.26
34.98
34.99
35.07
36.5
39.13
39
36.22
35.14
35.32
32.75
35.58
35.15
34.49
31.45
25.56
32.47
34.44
35.57
35.34
34.81
33.15
31.18
31.61
32.61
33.81
34.46
33.76
34.97
36.39
38.33
40.5
40.13
39.55
36.61
34.56
35.16
35.21
34.52
35.72
33.04
34.15
34.01
33.74
33.86
33.82
33.17
27.65
29.42
30.92
29.97
30.71
32.08
34.48
34.65
34.63
33.89
31.97
29.49
28.13
27.27
30.7
33.73
35.37
33.67
30.86
30.38
24.96
23.57
25.82
26.53
26.65
28.48
28.87
30.29
31.8
31.01
30.85
26.82
27.02
24.03
23.93
24.89
25.04
25.05
26.08
25.85
24.94
26.51
26.9
26.75
26.82
29.15
28.9
26.35
26.25
25.82
26.09
24.83
25.15
25.48
24.26
23.81
26.01
27.88
28.49
26.45
21.66
23.92
22.92
24.45
22.01
19.84
20.76
22.66
24.6
26.24
24.49
25.64
19.9
22.16
22.41
21.41
18.54
20.29
19.79
21.73
22.85
19.23
14.83
10.23
10.29
10.73
10.57
10.43
10.57
10.55
10.91
10.37
9.69
10.55
10.5
10.62
8.64
10.44
10.27
10.29
10.46
10.65
10.76
10.77
18.34
17.89
18.34
19.08
19.54
18.75
19.16
16.67
17.19
18.84
19.18
18.37
15.27
15.8
17.92
20.61
20.58
21.29
20.79
17.74
15
11.78
11.95
15.44
11.66
14.32
17.26
16.86
13.77
11.99
16.36
13.01
14.96
12.38
16.69
18.73
19.11
19.5
19.26
19.75
18.72
17.26
18.16
17.79
19.84
20.54
18.01
17.9
17.28
13.32
16
17.25
17.78
10.51
17.48
20.01
16.72
21.93
22.25
23.12
22.39
22.82
24.41
21.45
20.14
18.89
26.11
27.39
27.26
27.01
27.2
27.32
24.68
18.88
21.32
21.06
23.87
26.46
27.53
27.38
27.68
30.03
32.55
32.85
30.86
27.64
23.95
22.15
23.61
21.68
23.51
25.04
23.3
22.83
25.89
27.18
21.03
24.49
26.9
26.72
25.05
21.96
20.14
23.59
26.09
27.35
28.79
23.5
30.04
23.91
28.08
29.19
25.44
23.85
25.58
23.04
27.24
25.55
27.66
28.58
30.52
31.39
32.71
33.48
33.05
27.31
27.52
28.33
28.74
29.23
28.81
31.79
33.01
32.82
30.07
25.83
30.22
31.51
29.71
29.11
31.04
34.38
37.46
39.05
38.64
38.18
37.79
38.37
38.37
37
38.34
40.84
40.72
36.82
38.12
39.55
40.23
40.05
38.88
36.29
37.6
37.04
37.97
40.4
40.59
39.62
39.68
40.28
39.17
41.18
43.35
41.84
40.21
41.34
44.52
46.11
47.02
45.34
45.47
44.97
42.37
41.62
40.46
36.36
36.32
35.49
34.46
34.7
37.92
43.67
43.63
40.64
39.94
39.48
38.41
37.35
35.08
36.05
36.44
34.44
35.76
36.23
37.05
37.79
35.35
35.83
38.33
39.25
40.77
40.04
33.96
27.7
27.82
33.52
35.12
36.26
37.85
38.89
36.76
35.49
32.41
31
32.31
33.51
34.36
35.54
35.49
35.86
36.04
37.73
38.87
37.34
36.49
33.89
32.04
30.98
33.6
34.76
36.05
35.99
35.04
34.8
35.76
34.99
34.15
36.97
36.73
35.73
35.14
34.8
33.17
33.12
33.55
34.12
34.79
35.16
34.22
32.41
32.62
33.31
33.19
30.67
27.97
28.35
28.95
29.9
31
31.64
32.48
33.56
32.02
30.12
28.32
27.65
28.5
29.57
30.42
31.11
32.27
33.22
30.71
29.12
31.83
32.74
34.39
34.37
30.81
25.17
20.54
21.86
26.62
28.61
26.62
26.25
25.65
22.65
21.68
16.16
15.94
18.72
19.39
20.85
22.47
24.39
23.61
23.45
23.36
24.64
22.76
25.08
24.91
25.51
27.95
28.63
27.78
27.06
26.5
26.72
26.02
24.44
19.59
15.37
18.33
20.09
19.67
18.06
13.6
16.15
18.16
18.56
18.84
19.09
19.39
20.65
18.99
17.72
17.88
10.15
11.07
16.74
14.61
12.59
13.92
14.97
9.96
10.34
14.82
16.49
16.84
15.38
17.8
15.34
14.13
12.65
15.57
10.67
15.05
12.31
10.16
10.35
10.2
10.96
12
16.37
17.31
17.04
15.63
17.02
16.53
19.64
18.26
18.28
19.14
19.28
20.59
20.28
20.13
19.42
17.44
16.75
17.13
16.35
14.19
11.78
14.75
13.03
13.05
17.29
18.33
19.32
19.44
19.99
15.37
16.87
15.84
15.6
19.09
20.41
19.17
21.1
21.91
20.56
18.99
20.76
20.42
16.29
19.34
17.22
19.36
19.44
19.58
20.12
15.23
14.92
13.94
10.8
10.74
10.94
18.08
18.37
17.38
15.7
15.62
18.68
15.07
17.53
14.81
15.66
15.45
12.84
10.38
6.32
5.84
13.77
17.26
19.21
21.35
22.58
22.62
16.96
14.49
13.65
16.83
16.99
17.51
20.22
14.91
17.74
20.98
22.95
10.45
14.33
21.15
22.96
27.09
26.44
30.15
27.09
27.79
27.98
24.9
25.24
26.93
30.03
26.91
30.62
33.32
27.54
32.12
29.75
30.41
31.92
24.12
26.25
26.57
27.7
30.02
31.32
33.12
33.32
33.36
34.28
33.9
33.81
31.7
26.84
25.95
27.31
26.56
28.22
28.22
26.18
22.98
24.14
26.17
24.03
25.33
26.81
25.5
27.3
26.37
29.97
30.67
29.64
28.13
28.88
29.69
30.09
29.9
30.9
31.41
31.28
30.5
31.29
33.03
33.66
38.8
38.53
33.26
34.97
35.54
32.41
31.34
31.85
33.31
33.91
32
33.75
32.7
32.81
35.28
32.32
33.33
33.83
33.86
36.76
36.92
34.64
34.29
33.83
34.71
36.7
37.53
37.51
37.04
36.57
37.26
37.18
33.1
34.88
34.42
34.49
35.52
36.9
37.38
38.53
33.89
31.45
27.07
33.74
37.04
38.34
38.43
36.63
36.13
34.78
29.74
33.01
36.29
39.31
39.58
37.53
36.32
38.8
39.85
31.78
27.68
31.57
34.93
36.38
34.96
33.18
33.25
33.49
34.39
36.93
37.07
34.59
35.88
29.32
27.54
26.65
31.53
31.1
33.49
33.07
30.75
33.11
33.41
35.08
35.73
35.49
35.37
32.14
23.44
28.94
30.33
32.42
32.72
32.09
35.11
35.23
35.14
35.48
35.77
35.51
33.72
26.75
24.44
32.85
32.7
32.19
34.37
34.72
34.95
33.74
32.07
32.96
30.47
29.6
31.03
31.15
32.37
32.86
32.69
31.27
32.12
29.26
32.42
31.74
30.84
31.38
31.2
32.83
34.02
33.33
29.58
30.09
27.48
29.63
30.3
31.23
31.46
30.17
27.6
28.22
28.16
29.4
30.31
27.8
27.71
27.4
27.56
27.71
26.98
25.07
24.2
24.53
23.21
24.86
26.32
27.37
26.84
27.17
27.28
26.37
26.65
27.51
29.54
29.96
26.71
23.92
22.77
22.05
22.98
22.5
23.55
22.76
21.91
22.5
23
21.55
17.68
14.96
12.42
9.79
10.18
10.55
9.01
12.93
11.93
16.09
17.07
16.53
17.19
18.81
18.37
15.45
12.32
13.77
18.9
20.45
18.15
18.34
19.99
20.14
19.35
19.78
18.11
18.95
18.86
11.6
11.68
14.17
10.2
10.28
10.25
10.7
10.82
10.48
10.16
10.63
12.24
11.79
11.88
12.21
12.39
12.53
12.49
15.11
14.12
11.8
12.09
12
11.68
16.08
17.24
13.32
18.43
21.56
22.18
22.06
20.2
18.62
19.8
13.07
11.76
14.46
16.2
12.5
17.75
19.39
18.54
16.41
17.12
16.98
18.3
18.67
19.62
20.92
21.83
21.28
17.8
15.68
15.92
19.43
20.76
20.13
19.01
19.93
19.7
20.45
20.51
20.15
18.06
12.61
14.75
15.33
13.91
20.78
15.47
16.09
14.31
10.7
12.72
21.29
22.31
21.08
19.15
18.1
19.47
24.14
22.69
16.36
25.21
25.86
22.98
19.92
21.62
18.98
21.43
18.48
14.95
20.99
24.17
26.26
28.14
31.22
29.86
25.72
26.99
27.22
19.44
20.18
23.62
26.06
27.77
26.71
26.43
28.24
27.55
24.48
19.18
25.78
22.91
23.89
24.44
26.82
24.01
20.13
25.95
26.11
19.18
21.62
24.94
23.73
22.82
25.56
28.32
29.44
27.72
31.1
30.99
29.2
28.52
29.91
32.11
29.53
31.32
31.77
32.02
30.89
28.17
29.07
28.28
26.52
25.43
25.83
24.86
27.81
31.06
30.89
34.96
39.38
36.61
35.45
33.81
32.58
32.29
33.73
33.38
31.38
32.19
32.08
31.87
32.62
33.88
34.5
33.53
31.07
31.65
33.02
32.84
32.93
35.08
36.86
37.42
36.38
39
40.61
41.74
41.52
36.89
35.91
39.26
39.25
39.94
42.57
42.84
41.35
40.91
41.44
42.47
39.2
32.64
35.52
38.2
39.63
38.37
35.92
37.59
35.32
33.88
35.48
40
43.03
41.57
38.87
33.86
36.29
36.93
37.38
41.38
38.91
37.87
35.17
33.27
32.12
30.46
33.59
36.16
38.82
38.26
34.98
34.36
34.18
35.22
35.62
35.47
36.01
35.34
30.69
33.34
34.61
34.01
34.33
35.27
35.71
37.73
38.67
37.95
36.66
34.84
33.47
33.23
34.07
34.09
32.6
32.54
34.1
33.03
26.65
30.51
31.26
27.95
29.97
34.48
35.26
35.29
37.23
37.17
37.58
37.32
36.04
34.87
32.88
32.63
34.42
33.15
31.29
31.77
32.8
32.84
32.74
31.16
32.34
33
32.88
32.95
33.37
33.83
31.6
33.78
34.13
33.85
35.03
37.47
37.49
36.52
34.07
26.65
29.94
29.51
30.6
31.63
27.89
25.09
30.86
31.64
30.01
29.95
30.22
29.01
29.16
31.16
31.72
31.15
27.9
27.84
26.27
27.88
26.48
28.21
30.31
30.75
29.75
28.9
28.95
26.57
25.34
23.24
26.17
25.34
24.88
20.89
21.83
23.55
24.25
22.62
22.94
26.39
27.77
26.72
24.54
24.51
25.08
25.22
25.68
24.54
20.97
20.12
23.88
24.52
23.79
15.61
13.31
15.98
12.53
20.13
17.2
23.81
25.23
26.8
26.83
24.27
24.04
20.46
13.47
16.53
14.18
15.69
19.46
13.6
10.31
14.16
20.71
20.08
16.16
11.63
11.39
9.89
10.05
9.87
9.7
7.87
9.79
7
10.07
9.62
11.88
11.23
12.12
15
10.6
11.82
12.03
11.86
16.68
19.83
21.23
20.54
22.42
21.37
17.43
15.51
19.93
22.2
22.35
18.91
21.81
23.39
25.96
24.88
25.79
26.05
26.16
22.51
20.95
19.82
17.14
19.04
18.06
15.22
15.99
15.89
18.23
15.35
18.18
17.05
19.69
20.49
20.54
21.7
20.87
20.76
21.16
22.44
20.82
20.5
21.39
21.4
22.02
21.09
19.01
22.37
23.47
22.23
20.59
23.79
26.96
25.6
21.32
18.02
19.86
20.61
18.27
14.36
21.03
16.12
14.73
19.46
24.14
24.91
23.23
27.3
27.56
28.03
24.41
30.19
27.62
16.71
23.92
19.38
13.1
15.5
17.91
16.38
27.18
26.8
24.71
28.98
26.47
25.25
28.97
31.49
32.19
31.38
28.64
25.3
25.26
16.75
22.71
19.45
24.7
25.09
24.21
21.22
19.53
21.91
25.42
27.71
29.45
28.06
30.22
26.68
32.75
32.47
33.71
32.23
31.68
34.44
33.6
33.47
36.14
35.86
34.09
32.63
31.95
32.19
34.73
41.19
44.2
39.31
37.07
32.33
28.37
32.14
33.24
31.51
35.13
36.84
36.24
35.46
33.43
35.99
34.39
34.99
36.77
39.3
38.37
36.9
42.03
42.12
38.09
36.28
35.25
30.39
30.48
32.07
33.98
34.35
35
35.65
36.83
37.53
38.14
36.9
37.12
35.63
35.98
36.7
38.26
40.56
40.34
39.22
32.66
32.27
36.85
38.15
35.32
37.08
38.85
41.87
44.01
41.15
40.07
38.46
32.72
33.81
36.2
39.46
40.16
40.48
39.69
36.61
37.12
34.87
19.55
30.25
32.57
35.28
38.73
39.77
34.57
31.11
31.74
31.18
33.59
36.32
38.31
37.47
36.18
35.41
35.48
36.37
37.14
36.61
34.74
32.06
34.83
32.1
31.69
33.01
33.32
33.56
35.42
37.11
36.49
35.87
33.55
33.29
33.93
34.83
35.23
35.06
35.41
34.06
32.57
23.8
29.1
31.46
35.33
37.1
37.94
38.32
36.9
33.86
26.55
27.6
30.93
32.25
31.97
34.81
36.92
36.67
37.3
36.89
37.3
36.01
35.44
34.29
34.95
34.72
33.85
32.37
31.53
27.44
29.2
29.49
30.01
27.56
23.39
24.29
24.56
27.29
27
29.02
29.5
29.47
29.76
30.58
31.92
32.01
31.03
30.41
29.91
28.89
28.65
28.55
29.2
28.27
27.85
23.5
25.6
25.28
18.15
20.95
21.63
21.87
18.17
20.04
18.81
19.43
20.72
22.81
23.12
23.31
23.27
22.23
22.02
22.7
23.6
23.19
23.36
23.42
22.27
18.99
18.5
18.9
21.25
23.76
22.16
22.15
21.62
20.61
19.23
21.01
22.12
22.55
22.9
23.11
22.91
22.51
22.75
22.84
21.56
21.09
18.29
15.37
15.1
11.57
11.8
8.15
9.72
10.26
10.35
10.32
10.31
10.45
10.52
11.01
10.98
10.92
10.57
10.39
8.24
10.8
10.71
8.06
10.12
10.75
10.42
10.82
12.44
12.26
12.24
11.8
12.4
12.39
12.52
12.38
20.54
21.14
19.38
21.32
18.58
18.59
20.78
21.41
21.68
21.7
22.06
22.15
20.04
23.02
22.63
22.87
21.83
19.99
16.91
18.12
16.3
18.05
20.65
17.66
11.98
10.78
10.44
10.62
11.25
11.08
11.15
14.67
16.53
15.9
13.68
15.33
15.46
17.42
20.29
22.23
20.89
19.14
19.82
21.29
20.53
18.29
19.82
19.92
20.06
21.92
23.57
22.46
21.33
21.56
23.01
23.72
24.45
23.83
21.06
23.55
25.27
27.15
28.26
25.04
22.66
23.25
26.43
26.9
28.65
29.91
28.78
31.32
30.12
30.12
30.33
29.69
28.06
27.27
25.31
23.87
22.84
25.25
26.88
26.98
27.82
25.47
26.33
25.34
28.28
23.48
22.1
27.83
29.94
29.01
24.16
17.98
28.36
28.75
30.83
32.84
24.2
29.38
28.82
21.22
27.19
26.68
28.11
28.69
26.55
28.95
28.64
26.84
24.92
25.38
27.64
30.61
31.35
30.03
30.32
30.48
29.47
30.2
27.88
25.56
25.06
26.2
27.11
27.38
28.86
31.46
32.57
31.17
27.62
30.61
32.11
33.42
33.64
35.79
34.09
35.17
35.93
37.95
40
36.26
34.18
33.99
35.52
36.04
37.11
36.76
34.37
32.28
32.58
36.14
37.04
37.04
36.78
39.28
41.78
42.05
41.21
41.3
42.91
42.05
40.81
39.82
38.25
38.56
38.46
40.07
40.8
41.76
42.82
39.12
40.89
38.67
35.12
34.18
33.04
32.62
33.65
37.59
40.97
42.34
42.65
42.2
37.21
35.89
35.86
34.66
34.27
37.99
42.41
43.36
45.32
37.01
36.02
40.99
41.42
40.23
38.82
35.95
36.56
36.6
35.82
37.47
37.56
36.6
35.9
35.56
33.37
25.84
20.34
28.8
30.68
31.51
31.24
30.58
32.57
33.64
34.15
34.74
34.84
33.3
31.92
32.05
32.2
32.28
32.66
32.6
33.59
32.92
30.88
33.15
32.63
35.67
34.87
35.08
35.19
33.48
31.02
32.85
33.1
34.43
36.77
36.7
36.52
35.33
31.75
29.21
33.17
33
33.08
33.01
33.48
33.1
34.29
34.22
33.56
31.94
31.13
31.12
27.58
29.24
30.7
33.86
33.02
31.17
28.06
29.04
28.3
24.35
27.56
28.56
29.54
29.56
30.28
30.34
30.28
30.19
28.36
28.42
29.53
29.07
28.76
27.65
28.8
25.89
25.17
26.12
25.87
24.02
22.67
16.11
26.41
27.45
25.39
27.79
30.98
30.88
28.71
28.59
27.74
26.21
26.39
27.98
26.12
22.17
22.58
25.39
26.93
25.45
24.6
21.51
22.93
22.72
22.3
20.96
19.8
20.04
19.9
22.18
22.84
20.74
15.92
10.11
9.92
9.43
8.89
10.03
12.78
13.9
13.54
15.37
12.89
15.17
11
13.23
13.64
11.3
10.06
13.15
16.62
15.1
15.38
16.09
18.86
20.38
19.88
18.98
18.03
12.03
10.34
10.37
10.6
11.08
10.54
12.26
11.92
11.8
11.9
10.6
9.75
11.37
8.89
11.72
10.33
10.41
9.54
9.18
9.79
10.89
11.68
11.95
12.59
12.49
21.05
20.45
20.35
19.54
20.21
20.05
18.5
19.75
21.54
22.46
21.26
20.89
20.18
18.76
17.21
15.49
16.87
13.14
14.56
16.3
17.19
14.41
15.64
17.78
17.46
15.76
15.59
17.48
17.38
16.81
17.57
16.18
18.29
19.04
16.5
18.53
12.96
18.77
19.25
19.66
19.73
21.92
23.91
22.49
24.21
23.19
23.49
25.64
18.56
15.58
12.17
12.55
15.73
17.14
19.28
19.73
19.13
20.35
22.16
20.28
22.77
21.1
26.43
30.46
32.33
32.96
32.63
30.93
30.26
27.8
27.89
23.91
23.41
26.57
25.26
24.6
23.79
29.83
30.41
30.65
28.15
30.16
30.14
29.68
27.03
28.1
30.68
25.98
30.96
23.38
28.19
30.45
29.48
22.59
27.79
26.07
26.3
29.18
29.51
27.71
27.81
28.28
29.14
29.54
29.88
31.34
31.99
32.23
27.77
24.49
26.11
30.67
31.61
31.95
35.4
29.31
30.15
31.95
30.83
34.83
35.79
34.89
35.9
32.77
31.43
32.48
35.3
37.71
39.26
40.01
40.24
40.01
40.45
41.95
40.7
37.91
36.67
36.34
37.6
36.57
37.35
39.27
42.04
42.48
41.4
36.13
35.7
36.59
35.95
38.43
39.66
40.86
42.06
41.09
39.79
38.44
36.74
36.46
36.78
37.51
39.69
41.98
39.04
38.95
37.61
37.25
39.22
40.8
42.13
39.38
39.68
37.39
35.29
34.73
37.45
43.01
44.45
39.99
28.08
31.6
33.52
37.34
38.44
36.16
36.61
37.18
36.22
37.55
37.1
35.73
35.29
36.47
36.85
37.19
36.73
35.78
33.93
32.31
34.04
34.36
38.75
37.86
35.02
34.36
34.9
35.47
36.74
36.12
37.61
31.59
32.39
36.28
33.87
36.07
35.85
36.8
36.12
35.58
35.33
34.83
34.34
34.57
33.63
27.95
30.19
32.29
32.65
33.9
34.16
34.57
31.49
35.76
35.98
34.85
34.23
31.56
31.22
32.96
34.34
35.88
36.82
36.65
36.74
35.39
33.3
33.63
34.5
35.03
34.93
34.64
35.25
35.09
34.64
32.16
34.96
35.69
33.68
32.71
33.24
33.35
32.41
31.08
31.22
32.73
34.39
32.13
26.52
26.09
22.63
23.48
21.53
18.79
20.54
24.83
25.47
26.17
26.63
27.59
26.97
26.51
27.18
26.15
26.5
26.73
27.16
29.2
27.64
27.39
29.93
29.71
28.11
27.91
27.18
27.57
26.21
23.77
23.02
21.42
20.06
19.64
20.09
20.34
21.84
18.01
17.78
19.32
20.71
20.36
18.17
16.29
12.53
16.49
20.32
20.46
22.13
22.29
22.63
23.35
21.53
19.99
18.73
14.11
17.49
16.83
15.26
20.32
20.9
20.19
20.01
19.11
19.48
20.48
19.77
19.75
21.26
21.56
15.21
14.5
16.17
11.2
10.43
10.97
14.07
9.4
9.55
10.29
12.11
11.8
11.79
11.89
11.85
11.85
12.71
12.81
12.59
12.37
12.59
12.01
11.79
11.8
11.94
12.13
11.87
11.85
11.86
11.88
12.44
12.66
12.71
12.52
12.51
12.5
12.73
12.76
12.82
12.89
12.99
11.82
11.63
11.58
11.33
11.32
11.69
11.28
10.83
11.46
11.73
11.74
11.97
12.16
12.41
12.3
12
12.19
11.87
11.94
11.72
17.92
19.71
16.98
15.16
15.52
13.32
15.7
16.45
17.3
14.36
16.07
16.37
14.56
13.58
13.7
15.2
17.72
20.41
20.61
21.4
19.95
17.59
21.58
24.24
26.8
28.74
28.01
28.9
28.47
26.67
26.51
30.42
32.39
31.37
27.97
28.54
28.14
28.98
28.98
31.18
30.52
32.1
32.96
31.24
26.68
27.65
28.05
26.7
29.97
26.05
26.76
29.08
28.49
17.51
24.75
21.95
24.93
26.45
28.36
30.63
32.13
33.04
34.09
36.95
38.06
37.35
33.55
34.74
33.12
31.62
27.27
31.35
32.19
30.88
31.68
33.14
33.61
31.37
28.47
28.01
30.89
31.54
31.65
31.11
30.38
29.43
33.77
34.35
33.33
28.39
26.25
26.01
22.95
23.32
25.61
27.88
29.43
32.58
34.83
38.29
33.56
28.5
26.73
28.3
32.99
35.85
35.12
33.38
34.01
35.3
34.14
33.16
31.56
28.88
36.75
37.21
40.3
41.42
38.19
37.1
32.4
34.85
36.57
37.17
39.56
41.34
41.78
38.3
37.18
37.87
39.14
38.1
36.74
36.67
36.39
34.25
32.33
31.51
32.2
35.04
34.2
31.08
30.84
32.56
33.96
34.63
29.92
33.66
38.34
38.78
38
39.75
36.03
36.47
21.53
29.82
36.58
36.4
34.08
31.21
34.91
36.39
36.42
37.18
37.51
34.23
32.42
31.66
32.63
34.59
36.23
37.86
38.34
37.8
37.32
34.48
34.49
33.9
35.27
33.72
35.2
35.18
31.91
33.25
34
33.87
33.4
35.5
34.16
33.75
33.16
34.69
34.98
37.62
38.17
37.95
37.56
36.68
34.97
33.89
34.64
35.1
35.96
37.07
36.45
35.27
34.66
31.61
31.82
32.96
32.23
33.85
31.82
31.8
29.71
29.36
29.75
30.64
30.31
29.3
31.41
33.11
33.87
35.27
31.87
24.56
22.04
20.5
23.1
26.71
27.03
27.91
28.36
29.03
29.87
30.03
30.26
29.56
28.88
28.75
27.97
28.66
28.77
29.14
28.31
28.45
27.23
26.18
27.83
30.09
29.4
28.07
26.08
25.41
24.04
25.23
25.08
27.32
25.91
23.34
23.22
23.67
26.84
27.24
24.5
24.86
27.76
29.41
28.83
28.65
28.66
29.7
28.85
29.01
28.36
29.41
29.64
29.71
28.42
24.63
22.36
16.63
15.24
17.82
15.57
13.68
16.03
19.13
20.04
17.76
19.69
15.1
11.28
15.45
19.29
10.45
10.41
10.68
10.46
11.24
11.2
10.76
11.05
10.96
10.86
10.83
10.53
7.83
7.99
9.77
9.41
9.29
6.7
6.14
8.37
11.28
10.84
8.55
9.27
10.37
11.05
9.28
12.33
11.84
11.78
11.88
12.11
11.97
6.01
7.3
11.97
12.51
12.27
12.48
12.38
16.73
16.84
18.3
15.16
17.69
17.68
11.68
12.92
17.71
20.63
19.57
15.99
18.52
18.59
19.7
19.43
16.66
16.58
11.66
19.29
21.25
20.8
19.49
19.16
11.87
14.57
13.74
15.84
15.38
12.34
13.27
16.85
13.49
20
20.85
24
25.17
20.79
22.57
25.51
15.86
23.28
24.38
20.87
22.02
23.79
23.75
23.62
22.07
21.65
26.74
28.75
30.04
29.16
24.79
24.83
26.84
24.91
23.15
24.18
23.92
26.1
25.97
29.25
23.11
20.78
17.33
20.48
22.65
22.21
22.19
25.64
20.54
23.8
24.04
26.82
29.24
30.4
28.82
28.14
23.46
28.44
29.5
31.02
30.02
31.6
29.35
27.38
20.95
20.66
20.78
23
22.83
23.27
28.3
27.63
24.24
22.38
25.95
29.5
28.58
28.61
25.55
24.5
25.91
28.41
29.97
30.21
30.18
33.39
33.33
29.29
22.75
21.54
26.26
27.83
27.9
29.59
29.82
29.63
33.11
34.04
34.09
32.94
32
32.01
37.72
41.92
45.84
41.14
43.97
36.58
39.2
37.24
36.89
41.12
39.25
34.38
31.55
31.44
31.36
31.39
32.87
34.35
32.3
31.11
31.03
31.8
34.16
36.63
37.23
37.77
38.95
39.01
37.44
36.77
33.67
35.47
35.63
35.94
35.13
30.48
34.88
38.22
32.8
27.09
25.74
26.35
27.4
28.04
28.8
31.4
32.64
31.1
30.55
30.01
32.5
33.1
35.03
36.17
33.85
33.21
33.57
33.27
31.82
24.49
28.04
34.61
38.44
42.61
41.72
40.19
34.43
31.72
28.2
26.91
31.58
33.73
37.25
37.72
34.62
33.73
31.72
33.32
35.06
35.34
34.31
34.85
36.74
37.57
36.15
33.66
35.42
38.62
38.37
35.29
33.89
33.17
34
33.35
35.24
34.4
32.14
32.48
28.66
31.84
34.11
35.35
36.19
35.2
35.43
36.19
36.23
35.37
36.45
37.98
37.25
36.73
36.25
36.2
34.21
33.8
34.04
36.25
37.43
36.19
33.7
31.57
31.15
33.06
34.28
35.53
35.88
37.46
34.04
33.12
32.92
33.12
31.66
32.95
33.23
33.81
32.91
27.52
26.81
26.99
28.12
29.08
29.52
29.94
29.8
29.49
29.63
30.39
29.72
29.43
27.2
22.21
23.01
22.31
19.03
24.53
25.56
25.65
27.47
25.24
18.3
24.09
15.73
16.33
18.27
17.33
20.39
21.89
23.3
23.88
23.28
19.77
20.51
21.21
21.81
20.72
18.74
17.66
18.89
20.16
21.44
21.12
19.89
18.46
12.19
7.16
9.14
16.49
19.89
21.63
19.47
18.75
21.1
19.34
15.83
13.82
15.95
13.3
17.02
15.91
12.6
20.13
23.46
24.41
23.47
21.45
21.84
23.08
24.25
24.06
21.35
20.87
19.26
19.93
20.88
20.56
16.87
11.91
10.69
14.54
15.68
17.26
16.99
12.09
15.9
17.31
18.97
17.65
17.94
17.55
17.84
18.73
18.75
18.68
19.99
23.05
25.17
25.79
24.36
21.01
21.53
20.2
21.02
20.38
21.07
21.05
19.93
17.94
16.08
13.23
14.95
17.64
17.79
16.15
15.52
15.42
17.73
18.31
19.95
22
23.11
21.76
21.33
21.12
20.81
22.1
23.79
21.89
22.9
22.02
21.7
18.8
19.92
20.02
21.95
20.16
15.25
13.53
12.27
19.18
18.54
13.52
13.2
21.19
20.81
19.42
17.12
10.17
13.13
15.23
15.36
19.09
12.14
20.65
19.55
16.53
10.04
15.65
19.05
15.75
20.28
21.02
25.9
19.46
26.4
27.7
25.97
21.73
18.46
15.16
21.38
24.06
16.78
15.27
20.38
18.6
18.78
20.54
27.28
28.62
26.54
25.53
24.97
27.19
27.46
18.56
19.42
16.14
22.45
22.52
23.73
25.08
25.29
24.54
24.86
24.53
26.37
27.95
28.82
24.09
26.53
25.24
26.57
27.98
22.91
29.36
30.33
29.58
28.4
29.87
30.79
30.15
33.37
34.23
33.01
34.23
31.55
29.51
30.69
38.42
36.55
31.91
28.35
29.9
28.64
28.41
27.36
29.94
34.39
36.19
33.54
35.25
35.58
33.64
31.87
29.84
27.68
29.13
28.74
26.95
27.48
30.55
31.33
29.13
30.65
31.65
30.7
28.09
29.81
31.8
32.97
34.03
33.27
32.21
33.26
34.39
33.76
34.18
34.97
35.01
27.4
30.82
32.47
34.12
37.7
40.71
36.73
33.85
29.43
27.6
27.95
28.79
32.25
33.65
34.16
34
33.64
35.45
32.22
36.5
34.78
32.96
33.34
34.05
35.71
37.39
37.19
37.15
35.98
32.73
32.94
34.89
33.69
33.88
34.08
33.27
33.89
34.11
35.06
34.03
34.11
35.1
35.31
35.84
35.1
34.92
35.76
33.8
33.91
34.17
33.54
34.49
33.82
33.94
29.72
27.87
33.16
35.94
34.39
31.82
33.16
30.34
34.48
34.73
35.14
35.34
35.75
35.92
35.99
35.09
34.85
35.99
33.87
36.08
34.99
35.55
34.96
35.16
36.42
37.58
37.15
35.83
32.67
33.45
33.35
34.1
33.64
34.06
34.31
34.64
33.75
32.16
33.05
35.15
32.75
30.94
29.03
29.61
32.08
33.42
35.39
36.03
36.18
32.94
31.83
31.87
32.53
33.39
32.75
31.95
25.98
27.95
30.27
31.84
31.9
32.64
32.34
31.27
29.33
21.23
18.46
23.35
18
14.45
21.94
22.63
26.79
27.75
29.2
27.62
29.21
28.04
26.91
27.92
28.6
26.13
21.51
21.24
20.09
19.34
20.02
18.05
19.02
22.04
20.31
22.14
20.92
21.61
22.91
22.36
18.29
21.53
19.24
16.92
18.4
15
15.94
20.45
21.6
24.28
23.36
20.55
21.67
18.99
18.73
20.74
18.73
16.04
18.17
14.23
15.32
17.48
16.86
12.83
10.45
10.42
10.47
10.58
10.79
10.82
10.17
10.36
11.86
14.17
15.95
11.86
17.62
12.06
15.43
18.46
16.77
19.47
19.18
15.82
19.48
21.74
22.3
23.28
23.81
20.31
16.45
11.81
11.81
12.61
12.62
18.79
22.27
22.37
15.97
20.23
21.12
13.48
16.86
16.94
17.7
11.51
10.96
11.39
11.8
11.75
15.13
16.05
15.74
15.63
16.78
18.04
14.12
15.23
19.47
20.07
20.67
19.71
19.6
17.33
16.59
18.53
19.29
19.88
21.67
21.65
23.64
22.24
20.88
20.11
21.29
19.85
20.69
24.93
26.25
27.47
25.56
23.3
19.57
25.94
25.88
23.76
21.91
20.73
13.3
15.95
18.51
14.15
23.03
25.81
24.8
26.21
28.35
28.16
24.85
25.68
23.92
18.9
21.49
18.38
18.71
19.87
20.71
21.24
26.53
24.24
24.35
21.96
25.95
21.58
23.78
18.12
14.75
24.99
28.24
27.74
27.85
31.12
31.08
24.82
24.91
28.08
31.43
34.61
34.87
34.04
37.81
38.72
37.75
38.07
33.75
31.13
31.96
33.63
35.09
38.2
39.39
39.29
36.63
34.07
34.73
32.25
30.88
30.39
31.15
30.58
29.92
28.44
32.97
38.2
34.54
33.43
30.78
32
29.03
29.74
29.18
27.73
32.59
34.97
33.03
30.51
30.98
30.85
31.99
34.56
35.67
39.08
39.64
42.1
41.2
42.04
41.5
41.01
37.41
35.75
35.29
34.55
34.47
34.5
34.41
32.95
29.98
29.16
33.69
35.69
38.42
39.56
38.7
38.54
41.49
36.33
37.52
39.77
36.46
40.43
40.19
39.29
37.65
33.99
32.73
32.81
32.9
31.51
35.81
36.63
37.32
36.39
28.85
29.51
30.05
32.3
30.31
29.94
28.32
31.82
30.93
29.91
31.64
34.09
35.55
36.95
36.72
37
37.75
36.18
34.96
30.69
31.52
33.16
33.95
34.1
34.33
35.6
36.8
36.84
35.28
33.8
35.68
38.02
40.56
39.23
34.48
32.97
33.85
35.66
38.35
36.62
35.8
36.49
33.75
31.32
30.46
35.46
36.48
34.7
32.56
33.44
33.67
33.52
31.88
26.67
26.81
30.64
32.85
32.43
31.96
32.29
31.23
30.93
31.54
32.01
32.96
33.64
32.58
32.78
24.68
28.71
30.23
31.6
31.73
31.27
32.45
35.09
35.37
34.4
34.27
33.37
32.43
31.75
31.81
31.84
31.81
31.26
31.17
31.37
30.71
31.16
31.71
28.81
28.15
24.43
27.14
25.53
24.93
25.81
25.69
26.94
26.5
25.92
27.09
27.42
29.02
28.53
30.46
30.87
29.94
27.68
29.23
28.37
23.45
25.28
26.59
28.55
28.43
27.61
26.88
24.77
26.57
28.99
28.29
26.17
25.94
23.89
24.34
20.23
22.78
23.39
19.02
16.84
20.51
22.35
19.73
22.35
23.42
23.89
22.74
21.01
15.14
14.56
13.06
13.91
12.38
10.82
12.1
14.91
16.07
12.31
13.9
12.3
13.96
16.39
15.35
13.75
16.31
14.08
16.73
10.25
9.08
10.42
10.52
14.74
11.48
10.98
12.23
16.72
16.88
19.01
19.8
20.35
22.87
21.67
20.59
18.51
11.76
9.73
11.91
9.4
11.91
12.27
17.16
13.55
14.22
10.45
11.79
11.83
12.32
12.15
12.35
12.42
15.29
17.71
17.63
13.42
11.1
10.67
10.9
11.18
14
18.39
20.05
20.4
19.82
19.79
17.68
16.58
17.82
19.83
20.51
21.03
22.3
23.51
21.7
20.73
21.65
19.6
20.75
20.04
21.96
21.89
22.8
22.9
23.15
23.33
24.78
22.88
23.29
22.74
21.65
17.25
17.63
17.2
22.03
16.72
21.18
19.95
21.9
17.62
22.91
25.22
23.09
24.55
25.76
26.78
26.57
22.65
17.74
23.89
19.64
26.57
29.17
30.67
32.21
25.46
30.91
30.2
27.22
25.35
26.36
23.62
25.31
24.1
21.9
24.9
28.03
28.06
26.84
29.13
31.75
33.77
36.95
40.14
39.89
39.84
39.84
38.94
35.14
31.4
34.57
37
39.25
36.35
33.37
33.42
35.25
35.37
26.69
24.99
30.78
34.88
35.48
35.13
34.39
32.65
32.74
32.71
31
29.86
28.2
24.27
24.65
25.66
27.35
27.9
32.12
37.71
40.03
41.52
42.08
40.29
41.73
39.09
34.96
36.95
37.12
36.58
40.33
38.81
39.73
40.04
36.65
37.53
37.72
38.06
39.71
39.04
37.23
37.73
36.15
35.44
37.94
38.17
39.66
40.99
40.6
40.28
40.65
42.86
43.98
42.03
41.31
40.73
39.79
38.92
39.74
39.67
42.05
41.86
43.49
43.36
39.75
35.89
33.82
34
34.84
33.24
32.52
32.74
35.69
37.7
38.81
37.55
31.69
33.06
37.52
36.51
32.59
31.96
31.27
37.35
37.36
36.46
37.68
38.67
38.88
40.06
39.86
39.19
37.74
37.76
37.66
35.77
29.45
31.97
33.6
33.02
34.5
34.63
35.14
34.79
35.16
34.27
35.1
35.66
35.53
35.84
35.69
36.2
37.98
38.18
37.06
35.38
33.91
36.63
36.54
33.03
33.15
32.11
28.6
33.78
33.56
33.5
32.74
30.87
28.91
33.97
33.27
33.59
34.44
35.39
36.44
36.49
36.95
36.33
35.55
35.05
34.96
32.03
32.01
28.16
27.86
29.01
30.38
32.04
32.74
33.96
33.93
32.48
33.06
35.72
35.81
35.84
34.42
33.02
33.49
34.79
33.23
34.68
34.32
34.58
33.63
34.05
31.49
30.72
33.8
33.89
32.19
28.31
23.61
21.22
24.81
28.32
25.77
24.84
26.89
24.2
22.68
27.11
28.62
24.13
24.5
28.01
28.97
23.15
23.76
25.38
26.32
27.08
25.84
24.96
23.46
23.38
23.63
23.97
22.14
22.66
24.3
25.07
18.98
20.52
25.15
29.37
28.72
25.95
26.4
27.21
25.48
25.41
25.42
25.69
23.29
22.46
22.92
22.29
21.82
22.2
21.92
22.73
22.14
19.69
22.81
24.27
24.16
22.93
24.36
24.61
23.29
23.19
21.66
21.68
22.37
22.34
23.4
25.57
26.99
24.25
21.85
22.21
21.81
20.67
18.49
14.78
11.84
11.8
11.9
12.11
12.44
17.35
16.25
16.18
12.66
11.65
11.79
11.7
11.93
11.65
11.96
12.08
12.26
11.55
12.14
12.53
12.39
16.76
14.4
13.67
14.87
19.17
19.27
17.25
17.07
18.91
18.99
19.44
20.12
18.35
16.76
16.86
17.93
14.25
17.85
20.67
19.6
21.23
18.97
18.31
17.31
17.75
18.14
14.22
12.45
14.86
15.97
19.67
17.22
14.91
17.66
20.66
22.63
20.69
21.66
11.5
18.96
19.17
20.05
22.1
21.56
21.53
14.69
23.11
16.25
11.44
16.76
16.05
22.59
20.85
16.13
15.53
15.92
16.59
19.63
16.12
15.82
12.82
19.65
18.05
20.35
24.01
25.92
22.07
21.48
20.56
20.92
23.74
20.17
24.47
16.85
23.73
27.17
25.39
26.77
27.27
27.07
23.32
19.53
23.04
22.32
22.98
26.21
27.51
29.49
27.18
27.11
31.99
33.79
33.87
34.39
31.39
31.59
26.17
27.07
23.81
25.62
30.96
31.69
33.24
33.47
32.68
31.61
33.32
33.76
29.73
31.34
33.58
33.53
33.56
38.54
40.63
41.68
38.85
36.49
32.8
31.05
34.96
34.12
33.08
36.38
34.71
34.33
34.71
35.18
35.28
33.02
33.56
32.07
28.97
28.06
34.47
36.82
36.16
35.21
33.21
34.22
34.64
37.05
38.92
38.98
36.22
35.15
35.97
36.29
38.06
42.02
44.01
44.7
45.28
44.79
44.36
43.58
42.74
41.96
42.67
37.78
34
34.16
32.53
31.51
30.45
28.79
32.66
35.47
36.49
37.51
37.24
36.85
38.97
39.9
39.36
37.34
29
27.41
32.12
33.58
34.23
34.74
34.56
34.29
36.68
38.95
42.6
42.27
41.79
38.92
33.22
35.25
32.55
34.58
28.94
31.4
31.65
33.68
36.36
39.14
38.43
39.06
39.57
38.02
38.47
35.54
34.75
35.17
32.43
36.05
35.97
31.77
31
31.67
31.9
31.92
33.92
34.87
34.13
35.96
35.34
36.32
35.37
35.46
36
35.32
33.79
31.2
33.86
34.68
34.43
31.8
33.17
33.53
33.52
31.96
34.1
34.52
35.55
36.01
35.73
35.42
33.92
35.18
35.44
35.43
35.54
33.85
29.29
34.72
36.66
37.76
36.62
36.2
37.61
37.44
28.39
27.66
29.99
29.18
29.8
30.13
31.2
31.19
31.27
30.01
28.24
30.03
29.83
26.56
27.28
26.4
24.39
22.17
22.13
24.2
23.96
23.93
23.57
22.19
23.21
24.61
27.29
26.63
25.92
25.49
26.42
27.66
26.5
24.56
23.69
21.55
21.82
23.6
25.41
24.81
25.68
27.52
28.42
29.22
28.56
27.76
27.92
26.89
24.86
20.48
23.32
22.89
19.78
20.89
14.84
18.13
13.62
14.32
19.97
19.32
13.46
14.31
17.48
17.67
16.97
18.92
19.86
19.82
18.96
18.54
17.83
18.03
15.92
17.37
19.7
19.13
17.46
17.78
15.78
17.15
13.49
14.12
14.77
17.68
17.54
18.44
9.88
15.75
18.27
18.45
15.6
17.19
11.5
17.61
18
17.19
17.16
18.45
19.57
22.39
21.46
20.86
21.03
23.24
25.07
24.34
26.53
24.68
20.86
19.45
17.04
11.1
13.73
16.46
15.68
17.57
16.91
16.36
15.45
15.73
15.39
16.34
14.98
14.7
14.47
15.72
13.2
19.45
20.24
19.91
19.51
19.66
20.37
17.89
20.48
21.01
16.31
15.1
19.52
10.79
11.11
15.49
18.05
14.48
10.9
11.24
11.69
16.38
13.02
19.39
15.99
8.48
5.85
5.9
9.42
20.91
24.13
24.83
25.8
25.1
28.82
30.96
30.62
30.71
25.09
25.63
29.11
18.92
25.64
21.35
21.14
25.27
28.26
28.39
28.2
28.44
20.3
23.42
22.83
16.24
21.91
23.37
25.09
28.64
27.74
29.93
31.69
33.02
34.08
37.2
37.67
36.35
34.5
32.48
31.53
28.4
28.97
27.66
27.74
30.35
32.08
31.72
31.04
32.88
33.3
35.53
35.68
31.97
27.26
32.07
29.29
30.76
33.38
33.48
36.82
35.57
34.48
35.85
35.63
35.54
32.87
33.76
36.16
38.4
37.8
40.51
38.98
39.94
39.44
37.8
35
31.55
32.5
34.44
35.36
38.59
34.11
37.18
35.9
35.37
36.92
37.29
37.16
37.54
39.87
42.1
39.73
36.75
36.67
36.2
36.52
38.01
39.1
40.3
41.48
41.7
40.34
37.02
35.74
35.42
37.42
38.84
40.6
40.64
40.91
40.61
40.14
38.07
32.25
34.76
39.41
40.2
39.66
37.93
36.13
36.05
34.26
32.52
34.73
35.29
35.14
36.68
37.72
39.36
30.8
30.65
33.93
35.38
38.36
41.99
41.19
40.38
38.03
35.92
34.27
30.99
36.58
36.56
35.24
33.54
32.84
33.3
33.68
35.97
38.11
38.55
35.42
34.4
32.44
30.74
33.5
34.5
35.34
32.81
35.3
35.15
33.44
34.2
34.55
34.02
35.77
36.07
35.85
34.32
32.86
32.06
28.76
30.13
32.3
35.34
37.99
38.5
36.62
35.5
34.22
34.07
34.56
36.03
35.73
37.29
37.77
37.73
37.96
37.77
36.81
33.26
29.61
29.01
30.21
31.84
31.93
29.11
30.16
29.44
30.09
30.43
27.77
28.09
31.28
31.05
32.55
33.94
33.88
34.69
34.41
35.28
35.5
34.13
34.61
34.92
34.78
33.33
33.01
32.5
32.62
32.87
32.94
32.07
31.83
31.2
28.91
28.56
26.89
26.46
26.28
26.33
26.4
25.18
25.84
18.74
19.74
23.04
24.01
25.17
25.63
24.46
24.34
23.89
25.4
25.75
26.01
24.52
27.01
25.52
24.49
25.23
25.54
26.12
23.09
22.3
25.27
23.86
23.1
18.88
13.7
17
15.84
18.5
19.17
18.91
18.38
19.22
16.55
18.06
19.14
19.58
20.03
18.75
16.3
14.91
16.89
22.97
20.79
18.82
19.67
21.36
20.47
20.41
20.31
20.38
20.1
20.65
19.7
21.29
20.98
19.95
18.84
18.7
21.1
20.69
19.13
18.23
19.96
20.2
21.8
20.79
21.22
23.2
22.12
19.18
19.02
19.42
18.9
19.87
20.4
19.15
18.69
17.29
13.23
15.75
14.79
17.63
13.61
13.59
11.64
8.79
10.48
11.59
11.49
14.5
15.24
10.65
11.56
10.8
12.65
10.09
10.29
15.41
20.4
16.83
15.71
18.01
17.09
18.21
17.34
18.58
17.66
17.92
18.41
17.18
14.52
18.94
19.13
12.57
20.1
19.93
20.01
21.04
19.31
17.79
20.93
13.26
8.92
11.01
12.81
15.92
18.51
17.35
18.44
18.3
19.43
24.14
24.39
24.62
23.3
25.96
27.87
25.76
24.67
28.36
33.46
36.37
36.6
34.9
37.23
37.84
32.85
30.67
19.99
13.95
19.64
22.83
22.64
23.86
22.49
25.82
24.34
28
28.92
24.99
27
24.71
22.64
23.62
24.64
24.62
25.28
27.66
27.03
30.45
34.2
35.48
33.43
34.01
31.93
27.58
31.33
34.84
32.6
29.27
31.51
32.18
26.6
32.26
35.34
37.61
37.11
33.15
35.78
37.82
40.59
40.48
39.31
37.45
36.25
33.14
36.5
37.1
34.48
36.78
35.41
33.2
36.01
35.74
35.85
34.23
32.11
34.91
35.98
35.42
38.2
40.91
42.21
39.51
29.77
29.78
31.06
31.16
32.28
35.82
37.75
38.38
38.04
37.11
39.09
40.73
42.99
43.98
41.9
36.35
35.72
36.1
36.48
38.54
38.01
39.62
40.53
41.47
41.57
42.93
43.5
43.57
44.94
41.16
42.14
42.14
41.6
39.16
34.13
23.7
33.58
35.98
33.1
31.27
29.75
29.57
30.12
31.81
34.15
35.51
35.73
36.5
38.53
41.46
41.7
40.07
35.21
28.42
32.35
32.97
33.68
36.2
32.83
33.78
34.51
35.03
35.91
35.31
32.03
34.46
37.51
38.4
34.67
35.73
36.08
36.55
34.43
33.85
33.6
33.83
32.84
32.83
32.87
32.71
34.64
33.77
33.44
33.98
33.84
31.92
34.38
34.93
35.35
35.16
33.24
36.68
36.4
37.28
35.63
32.41
33.91
34.11
30.85
36.91
37.57
37.17
37.33
37.06
36.46
36.71
36.15
34.03
31.46
31.74
30.23
29.57
29.86
31.34
32.03
30.77
33.78
33.69
34
34.47
32.15
24.26
29.56
31.84
31.74
30.9
31.09
26.84
28.96
30.54
31.19
29.82
28.93
29.59
29.37
26.57
27.19
20.7
23.12
22.75
24.03
25.09
24.85
22.63
24.97
26.05
26.27
25.92
26.87
25.97
22.3
20.69
23.79
24.35
25.91
28.29
30.23
29.69
27.8
27.08
22.38
22.81
21.99
24.28
22.33
21.44
23.14
24.88
24.51
25.5
23.86
24.11
23.31
24.05
24.33
23.76
19.83
21.86
23
22
21.21
21.09
20.39
17.52
19.21
20.66
20.37
20
22.01
22.25
20.04
20.15
18.97
18.38
17.86
17.22
17.24
17.01
15.05
13.98
12.83
14.19
10.1
9.17
13.52
13.79
14.21
15.99
16.43
13.84
17.59
13.99
16.54
14.93
16.02
11.8
10.53
10.99
11.92
12.08
12.04
11.85
12.26
12.36
16.69
22.38
22.12
21.53
21.9
21.08
18.51
17.88
15.15
16.28
17.22
18.68
18.25
12.8
15.13
15.24
15.51
16.23
14.6
13.5
11.64
7.48
11.09
12.11
16.37
17.77
17.28
14.27
13.56
10.73
10.27
8.74
10.08
11.28
15.83
17.68
18.73
21.1
24.29
22.73
21.73
22.89
22.29
19.79
16.17
23.23
24.22
24.25
24.24
23.41
21.04
18.16
18.48
20.62
24.2
26.14
22.63
22.94
23.75
24.45
22.73
27.73
26.98
18.79
20.77
20.35
23.29
23.59
21.18
23.99
22.9
19.3
21.41
19.34
18.64
22.57
23.58
26.6
21.7
15.52
12.26
13.5
12.85
16.57
22.25
22.11
25.46
25.83
29.23
27.94
30.53
30.07
29.44
26.26
28.51
30.81
28.28
30.61
27.7
27.45
25.73
25.18
29.81
32.58
33.3
33.07
32.29
26.48
29.5
31.71
29.74
26.73
26.77
18.13
26.07
27.89
25.18
20.91
20.59
23.93
23.86
27.44
24.37
21.19
23.09
23.02
24.17
24.58
27.38
31.63
38.4
38.31
39.86
40.78
38.11
34.68
31.68
33.3
33.66
35.05
37.8
37.73
41.08
42.69
43.01
40.64
37.03
38.22
43.37
45.25
38.52
34.86
37.12
35.27
34.77
35.69
37.11
39.56
38.29
37.31
36.14
38.69
39.88
37.45
38.69
36.38
37.66
41.04
37.15
39.35
38.84
28.72
28.97
26.7
19.16
25.56
27.91
30.63
31.37
33.45
35.66
42.47
39.99
34.23
31.14
25.03
28.31
31.54
31.96
30.62
29.34
31.01
34.33
36.97
36.97
33.91
33.07
34.88
34.61
33.07
34.76
35.68
36.3
35.81
33.56
34.34
35.78
36.55
37.05
37
36.06
35.2
33.94
36.05
35.81
34.41
33.55
35.05
33.85
32.95
33.14
34.34
34.28
35
34.84
34.51
34.01
32.5
33.24
32.95
31.35
35.18
33.77
28.88
32.4
35.28
36.49
36.73
36.35
35.52
34.59
33.79
33.26
33.7
32.18
33.37
32.41
33.15
34.96
35.49
33.88
32.19
33.9
32.58
32.42
33.37
32.96
31.77
32.36
30.6
26.21
28.64
28.45
29.76
30.08
26.26
28.91
29.47
29.54
26.38
21.35
24.74
27.71
28.33
28.27
27.98
27.85
29.4
29.54
29.51
28.69
26.62
23.63
20.5
22.62
25.48
26.35
27.61
26.63
24.47
25.8
24.85
21.89
26.56
29.59
29.01
28.25
28.09
30.3
28.98
27.59
27.14
25.45
24.79
22.58
25.74
24.41
19.73
19.49
18.87
19.5
20.59
20.12
21.38
20.55
22.04
19.13
19.82
20.9
22.08
19.37
16.31
14.36
17.38
19.88
19.41
18.9
20.53
21.58
19.61
18.7
16.08
15.75
16.95
17.12
13.3
16.52
17.34
16.81
16.87
16.2
12.42
13.84
13.81
13.11
10.2
10.38
10.69
11.1
11.14
11.16
11.05
10.71
14.84
18.95
18.92
17.64
18.82
18.17
20.61
22.51
20.53
18.53
20.09
17.87
18.23
19.01
18.92
17.66
17.76
17.8
17.37
13.43
15.67
19.07
20.31
16.54
15.68
15.47
15.23
17.97
17.55
17.42
17.31
16.06
15.23
15.42
16.26
16.6
20.71
22.56
22.74
18.55
17.73
20.02
22.69
23.87
23.18
18.84
19.08
21.27
23.23
22.48
19.5
16.88
17.79
19.2
20.16
17.82
19.13
23.67
24.73
21.88
24.82
25.38
18.54
14.02
17.51
19.11
21.33
23.21
24.8
22.83
23.44
23.16
25.63
25.17
25.84
24.83
25.64
22.87
25.14
18.62
15.86
17.12
15.2
15.71
16.08
16.25
21.83
23.07
20.69
25.38
22.54
27.01
25.82
21.42
21.06
24.24
26.25
29.75
30.22
33.04
35
35.64
36.77
37.8
38.96
39.2
38.47
33.63
31.02
27.36
23.43
30.08
26.57
28.78
31.64
28.69
31.72
29.54
29.76
31.5
31.07
32.62
30.14
28.81
30.08
30.98
31.56
33.93
27.94
30.28
32.29
32.18
35.14
34.48
32.22
32.99
34.14
33.7
35.97
36.21
36.71
37
35.33
36.56
37.88
37.83
39.13
35.01
32.06
32.09
28.49
29.67
36.07
36.41
36.24
38.19
39.07
41.26
42.14
42.49
40.26
37.73
38.85
41.99
43.81
43.4
43.59
44.17
41.28
37.49
37.27
37.89
39.82
40.3
40.48
41.64
42.93
41.42
41.91
39.87
40.34
43.42
46.45
39.96
38.34
40.64
41.55
41.43
39.93
37.86
38.73
40.4
42.34
42.16
42.4
42.16
41.28
40.09
39.41
37.15
31.18
31.51
34.09
34.97
35.34
35.29
34.87
33.74
35.38
35.68
36.15
36.57
36.68
37.59
36.85
36.86
36.09
36.06
36.93
36.64
35.41
35.34
36.11
37.48
38.72
38.54
36.82
35.24
34.35
33.82
33.99
33.7
33.06
34.83
35.78
36.47
32.86
34.11
32.07
32.68
34.66
31.04
32.96
33.1
33.55
36.4
36.81
35.81
35.36
33.57
28.52
31.7
30.16
33.28
35.62
36.67
37.23
37.54
38.59
38.28
35.53
35.63
34.88
32.41
31.9
33.31
35.59
35.88
34.85
33.62
30.72
24.32
28.31
26.36
26.8
29.96
27.26
30.43
31.64
28.78
30.2
31.95
32.94
33
33.46
32.5
31.87
30.38
30.95
30.29
30.79
30.9
30.83
27.34
24.89
24.65
25.58
26.1
25.15
24.4
24.04
23.45
23.38
22.98
23.16
23.06
25.01
26.44
26.06
25.97
26.75
28.06
27.21
26.61
28.51
29.68
30.91
30.92
26.17
25.59
24.62
22.92
25.43
24.11
24.52
23.44
16.79
19.7
20.04
21.85
24.41
26.63
25.89
25.86
25.35
23.7
22.81
22.82
22.31
21.08
19.56
21.49
21.34
21.68
21.18
20.66
16.44
16.06
19.06
16.89
21.29
22.03
20.85
22.06
21.81
23.12
22.65
20.24
20.88
21.12
21.52
20.19
19.81
13.38
10.27
13.91
17.05
16.41
15.19
16.82
19.4
15.09
16.9
19.26
19.33
12.29
11.54
12.29
12.28
12.29
12.18
11.72
13.57
16.68
17.21
18.05
17.52
18.64
19.23
18.29
17.04
15.12
13.15
16.82
17.87
18.75
19.09
14.64
21.96
21.04
18.69
20.4
21.09
14.24
12.75
14.79
17.21
18.3
20.65
22.63
23.87
25.01
25.88
25.76
23.62
23.19
24.99
24.28
24.07
24.31
25.42
26.19
26.23
26.15
23.45
17.9
22.15
24.58
26.81
20.69
21.23
25.29
27.6
27.66
28.86
28.16
28.78
23.47
23.03
24.16
25.21
25.47
22.71
23.5
26.46
27.81
29.48
26
26.44
25.58
16.59
11.58
15.32
16.54
22.08
25.72
27.05
27.87
28.06
29.51
18.05
22.86
25.83
27.14
28.19
28.65
30.97
30.83
25.77
27.36
28.47
29.41
29.61
24.37
30.65
29.72
30.51
29.6
24.2
21.98
24.31
27.44
28.91
31.34
29.24
32.19
29.37
24.2
20.85
21.04
23.77
28.77
28.05
27.81
31.43
31.6
31.92
35.54
35.63
33.08
30.72
28.51
33.9
40.22
36.88
37.05
33.69
31.06
32.88
37.52
41.95
46.5
44.91
41.5
39.49
38.13
36.61
34.54
29.47
29.14
32.64
36.46
40.14
37.63
34.68
33.69
30.7
33.47
33.73
35.75
34.81
38.4
41.55
40.55
38.91
39.6
37.66
37.57
35.63
33.3
33.53
35.26
37.67
38.34
38.16
40.53
42.39
41.39
35.31
34.86
36.23
37.21
36.94
37.39
37.36
37.21
36.53
35.51
36.68
39.42
37.97
38.13
37.31
34.73
33.88
34.16
34.9
39.12
41.08
40.3
38.53
39.39
39.82
39.07
37.36
36.61
35.92
34.71
37.14
37.06
38.92
38.56
39.84
39.68
40.61
40.07
37.85
29.94
28.21
27.17
30.75
31.93
32.46
35.18
35.59
35.56
36.05
32.25
36.51
37.15
38.25
30.24
22.51
24.16
30.67
32.53
32.6
32.71
32.38
32.48
36.77
36.6
35.14
33.89
32.49
31.78
32.95
31.27
33.81
32.23
28.61
26.27
29.36
26.31
26.16
26.69
30.08
30.79
31.78
31.61
32.04
33.27
32.76
32.78
32.09
29.9
31.15
29.75
29.97
31.36
32.44
31.38
31.51
30.49
28.68
29.49
30.14
30.59
30.51
30.61
31.88
30.39
29.05
26.42
29.56
28.91
31.13
29.96
30.85
27.42
24.86
26.62
26.01
23.29
25.01
23.1
24.34
23.64
23.93
25.19
26.15
29.48
28.44
29.59
26.7
27.14
23.83
27.62
29.04
30.2
30.62
29.36
26.99
22.37
21.56
22.44
21.74
20.4
21.26
23.3
21.54
20.41
17.53
18.09
17.7
19.25
19.16
20.01
19.84
19.29
18.99
19.43
19.07
17.94
18.62
18.29
20.36
20.34
21.65
16.39
17.1
13.63
14.18
10.35
10.4
10.35
10.27
10.43
10.66
10.39
11.18
11.1
11.29
11.34
11.39
11.6
11.65
10.76
11.09
10.85
11.04
11.03
11.79
12.02
16.26
18.76
19.4
17.32
19.69
18.91
15.54
14.2
14.81
15.46
17.22
17.1
18.85
20.23
20
20.98
19.04
17.75
16.29
17.27
19.1
19.95
19.19
17.51
17.17
17.53
18.17
16.18
13.87
15.61
16.45
17.4
16.84
14.82
14.9
14.21
18.18
18.65
19.33
20.27
21.03
21.74
21.9
19.5
19.86
18.97
16.71
20.69
17.99
19.58
16.91
21.63
19.45
22.4
22.74
23.4
23.38
21.45
12.47
21.78
21.66
22.04
24.41
25
22.95
20.72
20.8
19.61
20.32
21.5
22.2
23.38
22.03
25.75
28.06
24.14
25.52
22.5
24.95
25.94
28.94
29.02
29.83
30.41
29.65
26.99
26.93
29.44
30.69
31.78
32.26
25.05
24.02
26.43
28.53
30.29
33.91
34.47
33.7
34.78
34.11
31.7
23.68
27.83
24.22
24.99
24.72
29.68
25.04
27.22
24.31
32.98
31.87
30.92
33.8
33.9
28.22
32.08
31.52
31.15
35.03
32.79
29.17
26.67
28.85
31.85
31.07
29.03
29.53
33.44
33.92
36.95
44.05
42.03
45.01
43.78
39.9
36.92
34.45
36.03
37.86
39.81
44.06
44.41
42.6
40.61
40.16
37.67
38.99
39.56
42.13
43.75
44.06
43.71
43.98
43
43.88
43.14
42.07
40.07
37.83
35.99
37.01
36.58
34.18
33.88
34.34
35.76
37.9
39.7
42.9
44.6
42.9
41.41
33.64
36.41
37.52
37.28
41.45
38.92
41.89
43.63
40.68
34.47
34.71
35.08
38.65
40.88
39.89
43.3
40.38
35.32
32.25
31.72
31.06
33.96
38.99
40.19
40.85
40.34
37.36
32.43
34.98
33.37
34.91
34.47
30.43
36.03
40.87
40.87
38.17
36.8
36.86
37.2
38.66
40
39.72
38.21
37.66
36.69
36.33
37.16
37.09
36.54
36.35
37.13
36.46
36.16
30.05
31.2
36.19
36.51
35.91
38.75
37.98
36.23
38.88
37.39
33.34
28.39
29.64
35.66
32.57
30.71
30.03
35.33
36.31
37.6
37.51
36.1
31.12
33.67
35.29
34.87
34.2
34.48
34.26
34.66
35
33.89
32.55
30.71
31.32
33.42
34.59
35.39
33.95
34.05
32.62
33.19
32.85
34.69
28.02
27.16
31.79
31.93
34.47
33.77
32.49
32.94
33.64
34.71
32.28
29.92
30.12
27.36
28.19
26.71
26.45
26.38
28.03
28.42
29.05
28.91
32.37
32.45
30.9
31.33
30.57
29.41
30.97
28.92
25.64
27.32
28.67
29.91
31.9
32.15
25.97
21.97
24.39
22.82
22.24
23.67
24.67
23.03
14.53
13.86
18.81
19.69
20.53
22.47
25.06
25.8
26.84
26.71
24.09
24.04
21.87
19.09
19.49
19.87
21.24
18.69
19.99
20.02
22.61
23.25
23.19
21.09
19.91
19.74
19.45
18.66
18.57
20.36
20.67
18.58
18.28
17.91
18.93
20.71
17.02
19.37
20.18
21.03
24.23
23.79
21.74
19.18
18.65
16.71
18.96
17.73
17.35
15.61
19.91
20.62
20.86
19.41
18.86
17.65
18.27
14.82
12.76
15.82
14.46
11.77
16.29
19.04
18.75
17
11.7
9.28
7.63
7.22
9.71
11.24
11.85
12.06
19.85
20.49
17.12
17.36
17.79
20.1
20.03
19.44
17.98
16.67
23.75
24.07
20.54
13.21
18.87
22
18.28
15.24
17
15.48
11.11
16.12
10.42
10.99
11.65
17.81
20.93
18.38
13.29
10.86
14.37
19.42
19.38
10.35
5.9
17.91
13.58
16.36
21.02
20.19
20.23
21.7
20.87
21.04
18.02
21.27
19.19
17.95
19.88
19.93
19.35
24.53
25.29
24.84
22.33
14.91
18.43
24.6
28.2
27.31
27.31
28.64
28.01
28.43
26.64
21.44
24.98
21.96
25.56
24.04
20.63
23.32
24.8
27
29.83
31.32
30.83
26.15
15.3
22.14
20.67
22.1
23.04
24.91
22.22
25.45
27.66
29.98
28.22
28.87
29.7
29.52
30.21
31.55
28.96
31.06
30.65
28.4
31.23
31.21
24.27
25.12
26.08
27.72
31.05
24.56
25.75
26.9
29.69
30.71
31.1
32.5
31.62
29.37
30.78
30.21
30.53
30.24
34.15
35.45
34.86
34.65
36.86
38.14
39.53
37.09
35.71
37.54
37.07
35.04
32.14
35.76
35.49
35.54
33.56
36.28
38.93
40.32
39.47
36.31
34.5
33.23
35.42
38.46
40.66
42.95
43.77
42.54
41.5
39.6
37.76
37.31
39.23
41.61
43.21
38.58
36.58
34.37
35.65
37.95
39.62
35.35
33.49
35.51
35.59
20.82
31
34.54
33.28
34.39
36.12
35.1
33.28
34.1
36
38.34
40.09
37.29
27.97
27.9
34.03
37.08
36.8
38.9
38.53
40.65
35.8
35.03
33.67
32.14
33.41
35.67
35.31
34.68
34.59
32.02
32.82
33.81
34.12
34.41
35.69
35.54
35.05
35.83
35.52
36.75
36.36
36.44
32.18
24.48
20.81
28.43
30.03
31.96
32.97
32.95
33.14
37.15
37.44
37.38
37
35.2
32.6
27.8
29.79
33.5
34.74
36.72
37.08
35.85
35.14
33.81
27.39
22.29
23.36
28.35
29.68
30.69
30.91
29.6
26.7
28.55
28.63
27.24
23.07
24.62
26.58
26.11
26.85
29.36
30.41
31.37
29.8
29.19
28.65
29.28
29.86
30.05
29.32
25.01
24.98
27.31
26.96
26.35
24.73
25.18
26.29
27.19
27.41
29.39
27.39
22.07
23.7
22.49
23.32
23.91
25.2
26.47
27.13
26.31
25.03
24.19
24.72
25.86
27.75
27.26
24.79
24.62
27.48
31.55
31.25
30.25
29.82
28.83
29.31
29.74
29.8
28.09
25.93
26.15
27.34
27.87
26.91
24.48
24.57
26.14
26.06
22.22
22.35
20.16
21.82
22
20.41
19.19
13.19
9.98
9.03
9.12
10.44
10.49
10.8
10.86
11.2
11.11
10.93
17.71
20.5
17.76
19.17
17.75
17.08
16.81
17.2
10.8
12.5
13.82
15.02
10.3
10.31
12.16
11.68
11.5
11.78
11.8
11.83
10.97
10.89
11.66
11.99
12.66
12.61
12.27
11.85
12.23
12.33
12.31
12.44
12.26
12.37
12.25
11.9
11.65
10.17
11.89
12.15
11.85
11.03
11.28
12.3
12.09
11.42
11.28
10.7
11.15
10.84
10.83
10.79
10.11
11.42
11.14
10.88
11.16
11.33
11.33
11.17
17.47
17.54
18.56
19.88
23.6
24.57
25.14
25.63
18.27
23.5
23.18
18.38
17.37
15.42
18.52
19.9
21.6
22.8
22.62
21.56
17.18
22.36
19.69
20.2
15.82
19.86
17.91
18.47
13.09
24.5
23.93
25.69
18.71
25.54
26.38
28.03
26.47
29.16
27.39
27.98
27.02
28.35
25.2
22.37
24.58
26.06
19.87
24.56
22.28
22.92
17.45
23.7
23.27
24.11
25.47
22.3
28.44
26.14
28.49
22.1
29.21
31.37
32.71
31.37
31.54
28.16
30.04
32.58
33.09
33.76
31.64
27.01
27.72
30
29.18
30.59
30.08
30.3
32.63
32.4
32.03
32.19
28.09
25.63
28.24
30.93
28.8
34.35
37.54
37.1
34.94
34.83
36.49
31.41
33.02
32.54
30.43
30.13
30.88
29.46
28.85
28.69
27.28
25.24
26.03
28.87
31.88
34.16
33.52
30.54
26.92
26.36
27.58
28.5
31.18
32.47
33.62
34.83
36.35
37.33
37.75
35.98
38.9
41.79
41.06
40.03
38.36
39.01
36.55
35.26
35.76
37.52
35.5
34.74
34.46
30.36
34.97
38.14
37.19
36.23
37.28
37.61
38.39
41.46
42.98
42.08
40
36.02
33.34
31
31.35
32.72
35.24
37.12
39.01
39.49
40.27
41.14
39.28
36.9
36.9
34.83
36.51
40.33
38.64
35.35
34.58
35.23
36.36
36.76
34.51
35.71
35.55
35.98
37.27
36.05
35.03
34.12
33.9
27.3
32.05
34.03
34.48
35.13
36.67
38.02
35.99
35.15
36.81
37.86
37.84
37.24
34.97
27.77
24.52
26.19
31.06
35
36.78
37
36.81
34.74
35.5
32.12
28.13
23.1
28.67
30.3
31.84
33.15
33.62
33.86
33.34
32.88
31.88
31.58
33.03
30.91
30.1
28.88
29.3
29.84
30.56
31.94
30.42
29.16
29.49
33
34.3
34.79
34.26
33.09
31.86
33.67
34.41
32.22
30.16
26.39
28.5
22.62
29.21
32.59
33.15
32.46
31.01
32.01
28.72
28.51
30.21
29.95
29.66
29.82
29.43
28.04
27.16
26.32
26.54
27.01
29.11
28.18
27.22
26.72
26.26
26.59
27.21
26.91
26.81
28.05
29.87
26.94
26.41
25.61
26.81
27.29
28.12
19.17
15.15
19.29
22.09
20.83
17.65
17.87
19.72
20.97
21.51
21.83
21.71
21.73
23.65
25.09
21.97
21
19.79
19.67
18.76
20.81
22.91
25.48
24.72
23.04
22.21
22.38
20.81
20.77
22.32
24.46
21.99
19.99
15.9
13.41
12.3
14.33
17.72
17.08
16.32
17.59
16.79
12.05
11.3
13.18
15.62
15.4
19.44
21.99
19.12
21.3
18.17
19.55
16.62
17.44
17.22
15.78
15.6
14.78
15.71
18.01
18.22
14.93
16.98
18.72
18.96
21.55
19.79
20.31
22.04
18.15
17.78
20.4
17.98
20.67
19.96
22.02
22.49
22.25
21.92
19.95
20.57
18.94
20.28
21.51
22.58
22.97
24.66
20.07
21.8
20.42
19.64
18.04
22.49
21.86
23.15
23.42
20.04
19.97
20.15
22.34
20.88
20.07
19.84
11.55
17.04
17.08
17.84
17.21
18.64
20.02
21.66
22.53
18.42
23.29
23.96
27.65
27.72
25.14
26.73
22.56
27.22
28.85
19.01
25.92
29.11
30.19
28.53
28.11
25.98
28.96
32.44
33.39
33.47
30.75
31.9
33.82
34.78
35.05
33.61
31.4
29.76
29.48
28.26
26.98
26.86
28
26.86
27.46
33.11
37.04
34.79
32.9
32.63
32.83
34.87
32.68
31.88
34.81
37.51
38.45
35.7
36.64
37.21
32.35
36.54
39.58
39.97
41.02
41.44
41.69
41.45
40.8
35.81
30.18
30.83
30.72
31.61
31.79
34.96
34.68
32.62
34.77
31.97
31.8
37.48
38.51
40.21
40.86
38.96
41.58
41.17
41.12
42.74
46.52
45.04
45.68
41.6
39.19
39.91
37.57
39.39
36.74
39.38
38.58
38.68
39.38
41.01
41.42
40.62
41.2
39.73
37.33
38.51
41.1
42.53
43.62
43.82
42.87
42.1
42.48
42.78
43.44
41.38
41.33
36.16
40.89
36.49
32.42
33.42
36.41
37.35
38.91
39.01
39.8
37.45
38.36
37.31
37.46
35.86
35.45
40.57
37.78
37.76
35.58
37.73
40.04
42.61
41.49
37.85
35.81
37.34
38.9
39.21
42.2
41.79
37.97
36.79
34.62
34.91
37.68
39.4
38.73
36.2
33.49
30.63
32.07
33.2
35.5
36.14
37.1
36.93
35.77
29.17
30.94
28.67
34.83
38.63
39.05
39.55
38.69
37.61
33.58
26.75
31.54
33.16
35.19
38.02
37.91
36.59
34.73
33.71
27.31
32.22
33.83
34.73
34.78
34.62
35.46
35.73
36.09
35.34
34.6
33.65
32.48
31.65
30.14
29.78
27.61
29.35
30.33
30.31
30.92
30.89
31.34
31.48
31.6
32.89
31.41
31.37
30.67
30.67
30.2
30.62
30.67
31.02
31.48
31.04
30.5
29.57
29.6
27.65
29.05
27.98
27.23
26.48
26.81
26.41
24.83
19.89
23.32
23.64
21.98
23.21
23.97
25.11
26.38
26.53
24.07
24.66
26.64
26.87
27.92
28.88
27.52
27.99
27.24
28.74
28.68
27.21
24.32
25.06
23.62
23.39
19.47
16.26
21
21.78
22.03
23.66
23.51
22.72
22
18.68
15.16
16.6
19.92
19.82
20.56
17
20.98
22.25
22.33
17.44
20.03
17.83
17.99
19.19
19.49
20.58
20.36
12.89
10.29
8.99
10.85
10.95
11.24
11.02
15.69
18.65
16.66
15.84
16.2
14.37
17.07
18.05
14.05
14.23
18.86
20.73
21.24
20.59
20.74
21.05
20.6
19.29
17.1
19.77
16.41
15.43
17.39
18.03
19.16
19.06
20.53
20.32
20.05
18.69
19.41
19.71
15.21
18.54
19.33
22.43
22.18
21.43
20.08
20.31
19.35
14.83
13.94
14.33
17.47
18.68
21.73
23.64
23.58
22.88
22.39
20.24
21.44
21.69
21.75
19.78
21.5
21.71
23.36
22.53
22.07
22.16
20.37
17.35
13.3
15.36
17.32
16.05
18.45
17.43
17.74
16.79
15.9
19.88
17.13
10.04
8.78
16.4
20.77
25.48
21.68
24.67
25.81
18.63
19.76
20.68
20.7
19.51
22.28
25.23
23.13
21.89
23.36
25.39
28.65
29.41
29.33
31.74
32.51
30.83
29.45
28.49
31.35
31.53
30.26
30.96
32.67
32.36
33.21
29.94
33.09
32.89
31.04
31.12
31.93
29.35
28.44
31.76
34.19
30.51
34.04
35.79
37.64
36.17
27.94
31.56
38.34
38.96
39.35
38.28
33.64
32.36
34.71
35.65
35.81
31.85
32.43
34.15
31.52
29.5
32.07
31.71
27.98
29.3
28.09
30.1
26.03
26.23
29.24
28.91
28.07
29.67
29.7
33.87
37.05
39.59
39.38
41.45
39.04
36.52
38.46
38.93
39.4
39.33
37.06
36.12
37.49
38.78
39.87
35.91
34.3
35.28
36.32
37.27
40.08
42.13
43.64
42.67
44.81
44.25
43.88
40.98
41.83
42.7
43.94
45.32
45.48
42.03
40.48
39.03
39.2
38.65
33.49
35.69
39.22
42.27
44.04
42.72
42.51
39.63
36.07
35.64
31.14
33.57
36.56
36.88
38.06
42.74
44.08
40.48
40.5
41.25
42.01
41.36
39.49
36.71
36.39
34.87
33.48
36.78
40.57
41.18
41.89
38.95
38.53
36.37
33.25
32.16
29.47
37.38
38.49
37.73
37.69
35.66
33.94
34.36
33.97
34.25
34.83
34.56
35.09
35.23
34.8
35.55
35.96
36.27
37.52
37.56
38.67
38.24
35.47
33.52
28.38
31.85
36.53
36.93
37.08
35.7
35.25
34.66
37.42
37.9
37.7
37.31
37.62
37.92
36.9
35.41
28.63
28.74
32.78
30.41
32.27
32.64
32.45
31.92
32.07
32.52
32
32.04
30.36
30.12
30.71
30.42
32.46
32.24
32.18
33.29
33.3
32.73
31.66
31.38
31.27
31.05
30.64
31.87
32.29
32.24
32.36
25.99
29.5
20.09
23.92
25.9
26.94
27.89
26.12
25.51
27.88
28.51
29.58
28.64
27.98
29.26
26.9
29.76
25.39
29.33
26.88
25.96
27.92
26.56
21.33
23.07
22.68
16.94
23.24
25.6
25.89
24.61
21.14
16.69
17.71
14.79
13.48
13.11
17.29
18.28
20.04
20.02
18.31
15.69
16.71
16.94
17.99
18.11
18.96
15.88
18.99
19.33
17.01
13.95
17.41
17.31
14.25
11.48
14.03
14.2
14.79
13.24
16.73
15.69
12.96
14.42
16.96
16.94
19.21
19.48
18.36
17.37
19.74
15.98
14.15
16.9
16.61
21.23
20.74